0.961922347545624	0.530957639217377	0.24452605843544	0.277714103460312	0.19588115811348	0.268006563186646	0.271724939346313	0.18626905977726	0.14338792860508	0.159441933035851	0.153575986623764	0.18083843588829	0.139979600906372	0.157415300607681	0.141026318073273	0.129683464765549	0.124829046428204	0.116580598056316	0.138426020741463	0.139028549194336	0.15489673614502	0.156563177704811	0.144946232438087	0.142841681838036	0.118756577372551	0.154572144150734	0.10768473893404	0.119731202721596	0.112275362014771	0.163819372653961	0.194194957613945	0.196585178375244	0.173424109816551	0.163426905870438	0.180378705263138	0.145476907491684	0.155278891324997	0.139108166098595	0.136901751160622	0.160589754581451	0.200304269790649	0.233997404575348	0.175335213541985	0.238533332943916	0.214207395911217	0.143268257379532	0.219304665923119	0.230327993631363	0.263824790716171	0.18925105035305	0.245553642511368	0.195878252387047	0.296892285346985	0.361883252859116	0.277451187372208	0.199467703700066	0.24255134165287	0.274260818958282	0.19720870256424	0.239594325423241	0.224479645490646	0.241904497146606	0.261751055717468	0.21974478662014	0.303986877202988	0.265874862670898	0.31918802857399	0.251770287752151	0.226755499839783	0.272454142570496	0.286963671445847	0.204126983880997	0.196162924170494	0.233714714646339	0.252411663532257	0.252058804035187	0.259546101093292	0.281946092844009	0.251551389694214	0.191321715712547
0.530957639217377	0.937573254108429	0.475830256938934	0.19284476339817	0.274455219507217	0.222149536013603	0.284165948629379	0.145937025547028	0.15735550224781	0.145143002271652	0.168453752994537	0.162026137113571	0.15578618645668	0.155197456479073	0.157058119773865	0.126002728939056	0.123990409076214	0.131583392620087	0.150976032018661	0.169560983777046	0.162229210138321	0.165254026651382	0.145235359668732	0.120732828974724	0.170632123947144	0.135650768876076	0.139643892645836	0.154880106449127	0.131993517279625	0.13974267244339	0.181767225265503	0.168985977768898	0.211814761161804	0.200269356369972	0.209028020501137	0.13857139647007	0.158833488821983	0.140292257070541	0.171236589550972	0.130953058600426	0.198958560824394	0.186262041330338	0.193508073687553	0.172685444355011	0.18333774805069	0.167752340435982	0.186833888292313	0.229188621044159	0.192547410726547	0.194142192602158	0.243903934955597	0.199169099330902	0.297876447439194	0.239931389689445	0.270183533430099	0.247210115194321	0.248570129275322	0.248328924179077	0.179560139775276	0.319958508014679	0.332687705755234	0.244170814752579	0.281473398208618	0.249470189213753	0.296024113893509	0.327413558959961	0.337592780590057	0.296858966350555	0.309142082929611	0.186764165759087	0.272719413042068	0.323844581842422	0.234535694122314	0.237659811973572	0.270835071802139	0.259610295295715	0.303807526826859	0.272115767002106	0.331357389688492	0.276977717876434
0.24452605843544	0.475830256938934	0.94966983795166	0.436543673276901	0.210737854242325	0.359180390834808	0.249722450971603	0.207215592265129	0.159665048122406	0.167092621326447	0.170927658677101	0.254226356744766	0.155523285269737	0.197669118642807	0.150686800479889	0.177564159035683	0.17384746670723	0.152195855975151	0.1499934643507	0.188767999410629	0.199244156479836	0.194193914532661	0.167035505175591	0.142637953162193	0.157399117946625	0.190169051289558	0.141153693199158	0.166478499770164	0.172837883234024	0.171392902731895	0.199453547596931	0.215003252029419	0.233676195144653	0.173039585351944	0.185111925005913	0.140243694186211	0.175250440835953	0.195229828357697	0.147444486618042	0.227255821228027	0.187812641263008	0.167483791708946	0.202423870563507	0.196518510580063	0.250544548034668	0.30284509062767	0.174449980258942	0.208285674452782	0.290140241384506	0.198122531175613	0.225775226950645	0.288248956203461	0.206686541438103	0.349297195672989	0.188109785318375	0.263247072696686	0.309063971042633	0.31017279624939	0.26181948184967	0.289413958787918	0.354787856340408	0.324869126081467	0.308478832244873	0.257407277822495	0.279284536838531	0.387767404317856	0.445349842309952	0.383062928915024	0.26263239979744	0.384651750326157	0.273436635732651	0.391878366470337	0.214028164744377	0.330725908279419	0.304173052310944	0.311249762773514	0.309049010276794	0.247134998440742	0.318005561828613	0.17267732322216
0.277714103460312	0.19284476339817	0.436543673276901	1.08622026443481	0.501113295555115	0.232196018099785	0.286827981472015	0.182467371225357	0.192970007658005	0.193126484751701	0.22812420129776	0.194644093513489	0.23734338581562	0.185635462403297	0.241336986422539	0.181880936026573	0.187277004122734	0.207872599363327	0.182191789150238	0.19068244099617	0.181108638644218	0.166574254631996	0.201081514358521	0.195740953087807	0.208268254995346	0.188622489571571	0.2001763433218	0.17991042137146	0.201142802834511	0.198662534356117	0.191587388515472	0.212484911084175	0.199470981955528	0.178301811218262	0.233789011836052	0.221912145614624	0.225183635950089	0.209946945309639	0.232481494545937	0.195038333535194	0.197000116109848	0.202571332454681	0.15561506152153	0.246512532234192	0.227828040719032	0.274599581956863	0.269693553447723	0.301944017410278	0.336219787597656	0.249821975827217	0.322865575551987	0.319285780191422	0.315720528364182	0.316442012786865	0.314154922962189	0.286932587623596	0.255401313304901	0.399752646684647	0.304789274930954	0.359294384717941	0.216373100876808	0.345254212617874	0.375263541936874	0.333948522806168	0.503783762454987	0.460411429405212	0.385162264108658	0.433571875095367	0.409045964479446	0.389213621616364	0.205029219388962	0.387811660766602	0.346166580915451	0.352865606546402	0.35752472281456	0.272607922554016	0.268439143896103	0.328364282846451	0.447664886713028	0.37706395983696
0.19588115811348	0.274455219507217	0.210737854242325	0.501113295555115	0.985313594341278	0.465303391218185	0.218789458274841	0.23803286254406	0.201172277331352	0.227752700448036	0.218759089708328	0.276591747999191	0.236130684614182	0.27022722363472	0.209152206778526	0.209186285734177	0.230120986700058	0.206290230154991	0.226971417665482	0.282659143209457	0.210884466767311	0.194984748959541	0.183670580387115	0.197417378425598	0.209102377295494	0.205348446965218	0.136180892586708	0.241324096918106	0.212718695402145	0.231640323996544	0.20793890953064	0.194674000144005	0.194507867097855	0.239496245980263	0.238305151462555	0.239166066050529	0.220590963959694	0.232331365346909	0.251628220081329	0.243142738938332	0.201595932245255	0.286936819553375	0.223754063248634	0.257590562105179	0.272759646177292	0.29254624247551	0.303075820207596	0.331981390714645	0.298219501972198	0.37196147441864	0.257397770881653	0.315098941326141	0.26701894402504	0.335324764251709	0.348400741815567	0.355628192424774	0.266745775938034	0.32019454240799	0.348991721868515	0.374213755130768	0.431413203477859	0.316766649484634	0.417689472436905	0.426408380270004	0.515699625015259	0.517587542533875	0.530757129192352	0.422223180532455	0.427044481039047	0.450590401887894	0.376619070768356	0.330123037099838	0.426163405179977	0.384480446577072	0.376309901475906	0.259903073310852	0.406648516654968	0.459710747003555	0.44128355383873	0.396402984857559
0.268006563186646	0.222149536013603	0.359180390834808	0.232196018099785	0.465303391218185	1.09258329868317	0.459181249141693	0.163663998246193	0.223310247063637	0.205477759242058	0.242241561412811	0.224575325846672	0.263489246368408	0.221093624830246	0.249060973525047	0.207283392548561	0.222970202565193	0.195057570934296	0.263824135065079	0.251915454864502	0.252203345298767	0.253998398780823	0.25660914182663	0.198031559586525	0.224804118275642	0.228360518813133	0.159024506807327	0.172495469450951	0.263117432594299	0.253383696079254	0.268214821815491	0.229661881923676	0.26803731918335	0.235460504889488	0.270094871520996	0.19743712246418	0.240330219268799	0.205702379345894	0.269030719995499	0.198393151164055	0.209283798933029	0.325542509555817	0.322443932294846	0.285054683685303	0.320625752210617	0.235798805952072	0.299217820167542	0.280601680278778	0.266019880771637	0.368678420782089	0.320656359195709	0.289665162563324	0.301479488611221	0.327789396047592	0.32051032781601	0.334696292877197	0.314436048269272	0.392373442649841	0.343514531850815	0.276166409254074	0.442596167325974	0.366462737321854	0.418475836515427	0.440250039100647	0.447760492563248	0.460421651601791	0.455491274595261	0.405230194330215	0.420342326164246	0.342824846506119	0.372680157423019	0.369245111942291	0.29948103427887	0.367185831069946	0.30867001414299	0.448083192110062	0.355044037103653	0.342909276485443	0.316719323396683	0.302259624004364
0.271724939346313	0.284165948629379	0.249722450971603	0.286827981472015	0.218789458274841	0.459181249141693	0.956385016441345	0.46204748749733	0.171214208006859	0.2816062271595	0.256418079137802	0.42947319149971	0.319487005472183	0.299068719148636	0.245898738503456	0.240956142544746	0.211814150214195	0.257588773965836	0.262080281972885	0.341285020112991	0.301474422216415	0.27486264705658	0.215962901711464	0.268715888261795	0.221064835786819	0.235566005110741	0.214343905448914	0.256264120340347	0.189919397234917	0.256851464509964	0.277581393718719	0.317237466573715	0.397403359413147	0.423153311014175	0.307558298110962	0.291623473167419	0.265591830015182	0.261852473020554	0.241799294948578	0.320444405078888	0.327759981155396	0.358338505029678	0.318137139081955	0.301158845424652	0.338669538497925	0.413821190595627	0.337523996829987	0.283889800310135	0.362441629171371	0.27827662229538	0.311012178659439	0.378807455301285	0.367529004812241	0.478257924318314	0.418473899364471	0.334162771701813	0.316944926977158	0.399944543838501	0.288310319185257	0.369473099708557	0.420712381601334	0.441178739070892	0.295694321393967	0.384393990039825	0.44834378361702	0.628194153308868	0.644177973270416	0.498447805643082	0.414114594459534	0.327446281909943	0.34044486284256	0.3394475877285	0.465699136257172	0.436851412057877	0.398751884698868	0.425895184278488	0.316597551107407	0.383446216583252	0.32590064406395	0.375545740127563
0.18626905977726	0.145937025547028	0.207215592265129	0.182467371225357	0.23803286254406	0.163663998246193	0.46204748749733	0.946607887744904	0.482786536216736	0.236316606402397	0.416433364152908	0.53663033246994	0.527764320373535	0.334355890750885	0.326845437288284	0.257317930459976	0.307196378707886	0.294635415077209	0.316490232944489	0.369935631752014	0.395550519227982	0.323977410793304	0.383762806653976	0.254146158695221	0.298950016498566	0.260828942060471	0.278947383165359	0.300847977399826	0.306641399860382	0.331143379211426	0.342859625816345	0.340435981750488	0.447776854038239	0.582490026950836	0.385759204626083	0.322222530841827	0.337796181440353	0.339401066303253	0.317662417888641	0.324921667575836	0.359762072563171	0.409472644329071	0.352038681507111	0.393259525299072	0.433124244213104	0.345236420631409	0.372217118740082	0.364449888467789	0.411568164825439	0.420100152492523	0.446624904870987	0.393057882785797	0.410056710243225	0.543340086936951	0.454495370388031	0.470091462135315	0.408701241016388	0.477234125137329	0.538115501403809	0.420538395643234	0.411030828952789	0.476123869419098	0.621740937232971	0.706766307353973	0.548086583614349	0.908719599246979	1.02298259735107	0.68657785654068	0.490753561258316	0.477067083120346	0.538453578948975	0.443207561969757	0.408196717500687	0.457951992750168	0.496232628822327	0.401267141103745	0.381036430597305	0.419126242399216	0.469141483306885	0.399607062339783
0.14338792860508	0.15735550224781	0.159665048122406	0.192970007658005	0.201172277331352	0.223310247063637	0.171214208006859	0.482786536216736	1.07139205932617	0.553842544555664	0.281561374664307	0.454915940761566	0.33428555727005	0.342526286840439	0.260956376791	0.302156865596771	0.258530050516129	0.270374685525894	0.273871898651123	0.359805047512054	0.299187242984772	0.321185857057571	0.281703740358353	0.30824002623558	0.277670353651047	0.256691545248032	0.26757076382637	0.32469642162323	0.244013577699661	0.241004705429077	0.27004200220108	0.284078627824783	0.343994289636612	0.30375412106514	0.389766186475754	0.375568628311157	0.304704964160919	0.35809063911438	0.372142821550369	0.271951854228973	0.311664283275604	0.310161978006363	0.273148894309998	0.309312433004379	0.34611901640892	0.379696816205978	0.332793682813644	0.383576333522797	0.39362034201622	0.341659158468246	0.45427742600441	0.408539354801178	0.391825020313263	0.474471062421799	0.360600680112839	0.451513588428497	0.461475431919098	0.419699728488922	0.553276717662811	0.443695873022079	0.411513596773148	0.425824493169785	0.466827243566513	0.533089756965637	0.476213902235031	0.572162926197052	0.566013216972351	0.536574959754944	0.554506838321686	0.510613918304443	0.463111281394958	0.381655037403107	0.447418957948685	0.449476212263107	0.368909358978271	0.42150890827179	0.313822686672211	0.410455882549286	0.427717208862305	0.415116488933563
0.159441933035851	0.145143002271652	0.167092621326447	0.193126484751701	0.227752700448036	0.205477759242058	0.2816062271595	0.236316606402397	0.553842544555664	1.05873966217041	0.550555109977722	0.253339886665344	0.342007726430893	0.267988413572311	0.303242564201355	0.265591770410538	0.270260632038116	0.262271046638489	0.326717287302017	0.250862240791321	0.296838521957397	0.29170349240303	0.320469915866852	0.255162715911865	0.263137072324753	0.238787919282913	0.266288906335831	0.274353593587875	0.243001818656921	0.255695462226868	0.253167152404785	0.259796649217606	0.288097500801086	0.328323423862457	0.331666231155396	0.276366114616394	0.358589380979538	0.322278201580048	0.306576162576675	0.285552799701691	0.25872814655304	0.315814286470413	0.300074756145477	0.247013330459595	0.326949328184128	0.289167910814285	0.358126133680344	0.356914639472961	0.366933584213257	0.345956951379776	0.41531240940094	0.408783882856369	0.405973136425018	0.314423441886902	0.419605553150177	0.366420179605484	0.385120868682861	0.477698892354965	0.459302812814713	0.47741886973381	0.489775031805038	0.49963104724884	0.512916266918182	0.499359965324402	0.568778276443481	0.548647880554199	0.636688351631165	0.503370225429535	0.556791245937347	0.43533593416214	0.427168786525726	0.416424334049225	0.380326211452484	0.335021883249283	0.381111353635788	0.377610445022583	0.388494700193405	0.3896244764328	0.394521683454514	0.361170679330826
0.153575986623764	0.168453752994537	0.170927658677101	0.22812420129776	0.218759089708328	0.242241561412811	0.256418079137802	0.416433364152908	0.281561374664307	0.550555109977722	1.07040822505951	0.538658678531647	0.236000940203667	0.314911961555481	0.21217155456543	0.294882446527481	0.220056295394897	0.294537246227264	0.268946528434753	0.27706253528595	0.242538511753082	0.290138512849808	0.234017491340637	0.2381761521101	0.208918109536171	0.176192969083786	0.2550268471241	0.23741203546524	0.251416116952896	0.289216458797455	0.231584429740906	0.294287234544754	0.275664150714874	0.383718341588974	0.303875803947449	0.341250956058502	0.303240418434143	0.313642948865891	0.302501767873764	0.268741607666016	0.265664458274841	0.238117635250092	0.323323220014572	0.334519058465958	0.32379624247551	0.357388973236084	0.333568841218948	0.292432516813278	0.307510167360306	0.349898368120193	0.309825599193573	0.378381282091141	0.378944367170334	0.342825561761856	0.351423293352127	0.428778141736984	0.424310386180878	0.405215203762054	0.372956365346909	0.400542199611664	0.492577433586121	0.44426766037941	0.452457010746002	0.366581410169601	0.473723173141479	0.608458340167999	0.611075222492218	0.591035425662994	0.534922122955322	0.604783415794373	0.368292093276978	0.41186511516571	0.405743390321732	0.36841008067131	0.432000458240509	0.341767251491547	0.264587968587875	0.403215825557709	0.439459294080734	0.287489473819733
0.18083843588829	0.162026137113571	0.254226356744766	0.194644093513489	0.276591747999191	0.224575325846672	0.42947319149971	0.53663033246994	0.454915940761566	0.253339886665344	0.538658678531647	1.01622128486633	0.525393307209015	0.224608212709427	0.313811391592026	0.273141026496887	0.273771375417709	0.218763828277588	0.28537517786026	0.26855880022049	0.296459704637527	0.241552546620369	0.260197997093201	0.232143953442574	0.2408427298069	0.218440070748329	0.243038922548294	0.230031833052635	0.272956818342209	0.248825326561928	0.338644832372665	0.25385582447052	0.302100896835327	0.372347146272659	0.273860931396484	0.32861390709877	0.264264613389969	0.286420911550522	0.284174382686615	0.19989538192749	0.289644211530685	0.244236096739769	0.294770747423172	0.252162784337997	0.278858661651611	0.318202465772629	0.34883388876915	0.326029390096664	0.289821445941925	0.355603367090225	0.347426056861877	0.35287681221962	0.416608244180679	0.424967110157013	0.319569915533066	0.386155039072037	0.337062627077103	0.437891334295273	0.482654541730881	0.382241278886795	0.356131762266159	0.460142284631729	0.533997893333435	0.460862696170807	0.495402038097382	0.437180519104004	0.713033735752106	0.54418820142746	0.429784178733826	0.432747483253479	0.368756979703903	0.367231726646423	0.449770033359528	0.37529656291008	0.27689129114151	0.291473507881165	0.390629976987839	0.2954041659832	0.442858517169952	0.258427679538727
0.139979600906372	0.15578618645668	0.155523285269737	0.23734338581562	0.236130684614182	0.263489246368408	0.319487005472183	0.527764320373535	0.33428555727005	0.342007726430893	0.236000940203667	0.525393307209015	1.13598549365997	0.503491044044495	0.212772458791733	0.31753408908844	0.242999583482742	0.30272763967514	0.251407712697983	0.310181766748428	0.263581573963165	0.23399992287159	0.221498936414719	0.235199958086014	0.194188252091408	0.23527604341507	0.201006487011909	0.216546729207039	0.221691593527794	0.246659904718399	0.235734671354294	0.262775272130966	0.242943048477173	0.285224974155426	0.284029066562653	0.327648848295212	0.236212193965912	0.259549260139465	0.274053424596786	0.325544774532318	0.248625576496124	0.227387070655823	0.34700009226799	0.278595179319382	0.360967457294464	0.277013719081879	0.265950232744217	0.23534968495369	0.348725378513336	0.337355583906174	0.427384555339813	0.380357414484024	0.324818402528763	0.380140006542206	0.331937491893768	0.39686781167984	0.365133106708527	0.405591011047363	0.450647443532944	0.448089331388474	0.40585520863533	0.456410855054855	0.452663332223892	0.433701783418655	0.570556998252869	0.45572754740715	0.612127423286438	0.495729982852936	0.397316873073578	0.409172594547272	0.500187814235687	0.370679885149002	0.326263070106506	0.279022872447968	0.342705428600311	0.492823839187622	0.382632493972778	0.407099097967148	0.442050844430923	0.456826835870743
0.157415300607681	0.155197456479073	0.197669118642807	0.185635462403297	0.27022722363472	0.221093624830246	0.299068719148636	0.334355890750885	0.342526286840439	0.267988413572311	0.314911961555481	0.224608212709427	0.503491044044495	1.138059258461	0.501200497150421	0.218026116490364	0.324582308530807	0.245567709207535	0.292183965444565	0.280215263366699	0.278480470180511	0.229885101318359	0.267265200614929	0.244974359869957	0.239570364356041	0.224020481109619	0.24357046186924	0.227883085608482	0.260457128286362	0.258882224559784	0.240781784057617	0.240386143326759	0.264915376901627	0.345501005649567	0.334883242845535	0.291970074176788	0.268024981021881	0.273688465356827	0.27245557308197	0.244079053401947	0.231847837567329	0.247662454843521	0.275613516569138	0.300612717866898	0.400343388319016	0.354506313800812	0.321250349283218	0.308205008506775	0.291177839040756	0.30315837264061	0.319042205810547	0.397767573595047	0.3746397793293	0.313682079315186	0.325940549373627	0.254696279764175	0.361511319875717	0.298269808292389	0.373985379934311	0.333202570676804	0.493409216403961	0.478989720344543	0.385486453771591	0.376713544130325	0.446934014558792	0.523774683475494	0.580140292644501	0.557849884033203	0.51850563287735	0.502021789550781	0.39231738448143	0.392438858747482	0.406817317008972	0.279118329286575	0.376129984855652	0.38267508149147	0.437134176492691	0.347015351057053	0.346445620059967	0.418139398097992
0.141026318073273	0.157058119773865	0.150686800479889	0.241336986422539	0.209152206778526	0.249060973525047	0.245898738503456	0.326845437288284	0.260956376791	0.303242564201355	0.21217155456543	0.313811391592026	0.212772458791733	0.501200497150421	1.10046458244324	0.520596027374268	0.224573537707329	0.348576575517654	0.257982224225998	0.316389441490173	0.249701514840126	0.278365075588226	0.220468506217003	0.288278877735138	0.24728137254715	0.245719328522682	0.198840484023094	0.229118183255196	0.253331393003464	0.265664368867874	0.239230364561081	0.248982027173042	0.249285504221916	0.308257311582565	0.298107981681824	0.30738565325737	0.294393390417099	0.303318470716476	0.282140702009201	0.226909697055817	0.215512067079544	0.283726781606674	0.27169868350029	0.298145204782486	0.322273671627045	0.279208958148956	0.323807686567307	0.311816811561584	0.31697353720665	0.327112972736359	0.363705068826675	0.315194964408875	0.387689858675003	0.332534074783325	0.334989905357361	0.375081151723862	0.396113723516464	0.441557168960571	0.407281011343002	0.408224642276764	0.357580989599228	0.527428328990936	0.296465754508972	0.504638373851776	0.482614904642105	0.547210216522217	0.536468267440796	0.426427513360977	0.519919455051422	0.420640587806702	0.344105392694473	0.529768407344818	0.317188918590546	0.372359782457352	0.41651064157486	0.275711208581924	0.404621481895447	0.401991248130798	0.493757486343384	0.398444175720215
0.129683464765549	0.126002728939056	0.177564159035683	0.181880936026573	0.209186285734177	0.207283392548561	0.240956142544746	0.257317930459976	0.302156865596771	0.265591770410538	0.294882446527481	0.273141026496887	0.31753408908844	0.218026116490364	0.520596027374268	1.14920651912689	0.49770787358284	0.224667578935623	0.343386292457581	0.253817468881607	0.28879451751709	0.243188112974167	0.238353669643402	0.197029694914818	0.245002076029778	0.216091707348824	0.254532426595688	0.216813147068024	0.278335183858871	0.246319949626923	0.203201666474342	0.24165253341198	0.256970793008804	0.283662438392639	0.306817799806595	0.302787750959396	0.309727907180786	0.291717290878296	0.287011355161667	0.255084991455078	0.240075290203094	0.2945277094841	0.303459197282791	0.364695459604263	0.343955665826797	0.315958648920059	0.368451714515686	0.34137624502182	0.306261003017426	0.320124626159668	0.32951831817627	0.371706962585449	0.299815088510513	0.326660931110382	0.3191097676754	0.380838572978973	0.33277952671051	0.341591715812683	0.350497603416443	0.459617674350739	0.370572417974472	0.426642239093781	0.518331408500671	0.470602571964264	0.411038637161255	0.550498843193054	0.528267443180084	0.472861766815186	0.530256330966949	0.380623340606689	0.396320939064026	0.492602348327637	0.36626797914505	0.320019453763962	0.335361778736115	0.423121839761734	0.39697989821434	0.41808208823204	0.362220048904419	0.360672026872635
0.124829046428204	0.123990409076214	0.17384746670723	0.187277004122734	0.230120986700058	0.222970202565193	0.211814150214195	0.307196378707886	0.258530050516129	0.270260632038116	0.220056295394897	0.273771375417709	0.242999583482742	0.324582308530807	0.224573537707329	0.49770787358284	1.21178722381592	0.448296666145325	0.235448777675629	0.333289623260498	0.270455807447433	0.25904768705368	0.207237556576729	0.258933633565903	0.205986484885216	0.226241454482079	0.23744909465313	0.227242887020111	0.292341262102127	0.286704659461975	0.240261718630791	0.239810422062874	0.242453798651695	0.304904282093048	0.267472118139267	0.264437675476074	0.273252546787262	0.288496166467667	0.293774157762527	0.283876031637192	0.239173427224159	0.278153628110886	0.290207892656326	0.310166031122208	0.308439701795578	0.29164656996727	0.290325313806534	0.342158764600754	0.312671989202499	0.352161675691605	0.38098993897438	0.334559619426727	0.304510921239853	0.337704390287399	0.300699025392532	0.413714796304703	0.368094861507416	0.434492290019989	0.390107810497284	0.452392131090164	0.351905047893524	0.463322103023529	0.51686030626297	0.449905067682266	0.495498448610306	0.464755922555923	0.447697520256042	0.449889123439789	0.432004123926163	0.574515819549561	0.309108346700668	0.430551022291183	0.414644718170166	0.388153225183487	0.424079596996307	0.327942311763763	0.356498926877975	0.306614935398102	0.463288545608521	0.324627488851547
0.116580598056316	0.131583392620087	0.152195855975151	0.207872599363327	0.206290230154991	0.195057570934296	0.257588773965836	0.294635415077209	0.270374685525894	0.262271046638489	0.294537246227264	0.218763828277588	0.30272763967514	0.245567709207535	0.348576575517654	0.224667578935623	0.448296666145325	1.14639449119568	0.581836223602295	0.243547663092613	0.317520678043365	0.221074149012566	0.244206309318542	0.224680840969086	0.233797639608383	0.210184246301651	0.232726410031319	0.255490273237228	0.278301954269409	0.240668013691902	0.249045357108116	0.224488526582718	0.266338765621185	0.257785558700562	0.25141829252243	0.325609982013702	0.328303545713425	0.249501436948776	0.264190018177032	0.269095212221146	0.243126958608627	0.283146947622299	0.261962980031967	0.266675770282745	0.305582523345947	0.316200941801071	0.399647623300552	0.301382392644882	0.372426837682724	0.267790764570236	0.399726659059525	0.360882371664047	0.410279870033264	0.324820280075073	0.289575606584549	0.335676789283752	0.385074257850647	0.365934699773788	0.45309990644455	0.420346826314926	0.446579277515411	0.50920569896698	0.523579716682434	0.547858357429504	0.457813531160355	0.473129242658615	0.50785630941391	0.495697200298309	0.543252885341644	0.500503718852997	0.421762734651566	0.466383904218674	0.408034265041351	0.28606989979744	0.388679206371307	0.343156933784485	0.371451646089554	0.344742208719254	0.394221633672714	0.368261218070984
0.138426020741463	0.150976032018661	0.1499934643507	0.182191789150238	0.226971417665482	0.263824135065079	0.262080281972885	0.316490232944489	0.273871898651123	0.326717287302017	0.268946528434753	0.28537517786026	0.251407712697983	0.292183965444565	0.257982224225998	0.343386292457581	0.235448777675629	0.581836223602295	1.11761045455933	0.480384826660156	0.216128244996071	0.291023671627045	0.213070288300514	0.259160220623016	0.223981440067291	0.240263566374779	0.217833384871483	0.265361249446869	0.276346415281296	0.272035986185074	0.220427483320236	0.22554586827755	0.253913342952728	0.321173310279846	0.276017308235168	0.309299409389496	0.292879402637482	0.254106670618057	0.237251803278923	0.250652194023132	0.226276725530624	0.257269382476807	0.252835333347321	0.317939132452011	0.312280893325806	0.361660003662109	0.287913054227829	0.395652949810028	0.380097448825836	0.334106475114822	0.358461707830429	0.346413403749466	0.350635379552841	0.365563809871674	0.317632675170898	0.395550310611725	0.382825940847397	0.491280555725098	0.371920585632324	0.450481772422791	0.406167477369308	0.483698397874832	0.526639759540558	0.447459518909454	0.486281037330627	0.499365657567978	0.517761290073395	0.448965787887573	0.429304599761963	0.389698594808578	0.501891553401947	0.501313984394073	0.40519717335701	0.386156857013702	0.516377031803131	0.417906910181046	0.288706034421921	0.363859176635742	0.483809351921082	0.453812956809998
0.139028549194336	0.169560983777046	0.188767999410629	0.19068244099617	0.282659143209457	0.251915454864502	0.341285020112991	0.369935631752014	0.359805047512054	0.250862240791321	0.27706253528595	0.26855880022049	0.310181766748428	0.280215263366699	0.316389441490173	0.253817468881607	0.333289623260498	0.243547663092613	0.480384826660156	1.18386471271515	0.47643581032753	0.205142870545387	0.26162126660347	0.228220745921135	0.268181025981903	0.224610522389412	0.233528032898903	0.233359634876251	0.287155330181122	0.236108586192131	0.229706510901451	0.263017266988754	0.286686599254608	0.292589783668518	0.306320995092392	0.353218793869019	0.339717179536819	0.244493901729584	0.29450535774231	0.261821419000626	0.305665463209152	0.302519887685776	0.26199609041214	0.321480125188828	0.263444930315018	0.346590369939804	0.293331295251846	0.363964647054672	0.34523594379425	0.321558475494385	0.384631276130676	0.286833852529526	0.37957900762558	0.317499876022339	0.389026582241058	0.310565769672394	0.415808230638504	0.3870769739151	0.426922857761383	0.443946033716202	0.458936452865601	0.418751120567322	0.41727340221405	0.479876846075058	0.410717487335205	0.566737532615662	0.557954668998718	0.454498052597046	0.504098653793335	0.420271575450897	0.333440870046616	0.344077080488205	0.449088603258133	0.481724768877029	0.386137962341309	0.269059270620346	0.305931150913239	0.425448775291443	0.418573588132858	0.393996059894562
0.15489673614502	0.162229210138321	0.199244156479836	0.181108638644218	0.210884466767311	0.252203345298767	0.301474422216415	0.395550519227982	0.299187242984772	0.296838521957397	0.242538511753082	0.296459704637527	0.263581573963165	0.278480470180511	0.249701514840126	0.28879451751709	0.270455807447433	0.317520678043365	0.216128244996071	0.47643581032753	1.01797378063202	0.53657191991806	0.201662257313728	0.285451650619507	0.223585620522499	0.243698537349701	0.262153834104538	0.274939119815826	0.266164898872375	0.324531227350235	0.292636662721634	0.292797833681107	0.329714000225067	0.428968548774719	0.334684908390045	0.370223462581635	0.343121916055679	0.344258159399033	0.291448771953583	0.362950593233109	0.34967640042305	0.329804629087448	0.369510382413864	0.379492461681366	0.420108735561371	0.38248997926712	0.368149280548096	0.361763536930084	0.380761206150055	0.334422677755356	0.429138362407684	0.39301398396492	0.420511543750763	0.350930660963058	0.333247065544128	0.49205681681633	0.376742005348206	0.334993839263916	0.418631285429001	0.41814923286438	0.420920163393021	0.525837779045105	0.460046350955963	0.470544904470444	0.569359660148621	0.571112453937531	0.614684104919434	0.558043420314789	0.542018175125122	0.444973170757294	0.356097459793091	0.523053109645844	0.324625611305237	0.44792839884758	0.405495911836624	0.421103626489639	0.348760575056076	0.402849346399307	0.424526900053024	0.427319288253784
0.156563177704811	0.165254026651382	0.194193914532661	0.166574254631996	0.194984748959541	0.253998398780823	0.27486264705658	0.323977410793304	0.321185857057571	0.29170349240303	0.290138512849808	0.241552546620369	0.23399992287159	0.229885101318359	0.278365075588226	0.243188112974167	0.25904768705368	0.221074149012566	0.291023671627045	0.205142870545387	0.53657191991806	0.998763799667358	0.454790443181992	0.202266350388527	0.313795030117035	0.243827059864998	0.317334622144699	0.281900823116302	0.325069785118103	0.301272809505463	0.325568437576294	0.349205166101456	0.434381008148193	0.504848897457123	0.449893355369568	0.37058213353157	0.359141170978546	0.32538166642189	0.318643420934677	0.334415078163147	0.377555757761002	0.34861171245575	0.369973659515381	0.374560177326202	0.386930704116821	0.422970950603485	0.368610918521881	0.359183728694916	0.462656140327454	0.426257997751236	0.379968732595444	0.366149753332138	0.44617161154747	0.466227471828461	0.462725698947906	0.444237917661667	0.426601022481918	0.388267934322357	0.43365690112114	0.389872282743454	0.522345125675201	0.439469337463379	0.479353487491608	0.522341132164001	0.497203707695007	0.587639033794403	0.779476642608643	0.636960923671722	0.508288979530334	0.467194408178329	0.449793875217438	0.419937640428543	0.420555025339127	0.383351027965546	0.388022780418396	0.329024851322174	0.341787815093994	0.328959912061691	0.348285645246506	0.365832328796387
0.144946232438087	0.145235359668732	0.167035505175591	0.201081514358521	0.183670580387115	0.25660914182663	0.215962901711464	0.383762806653976	0.281703740358353	0.320469915866852	0.234017491340637	0.260197997093201	0.221498936414719	0.267265200614929	0.220468506217003	0.238353669643402	0.207237556576729	0.244206309318542	0.213070288300514	0.26162126660347	0.201662257313728	0.454790443181992	1.07823646068573	0.443287014961243	0.213279321789742	0.320230931043625	0.265237778425217	0.356813579797745	0.306169986724854	0.376763641834259	0.355412632226944	0.464955300092697	0.530073165893555	0.763796448707581	0.447186201810837	0.450404912233353	0.344900488853455	0.378529876470566	0.392896741628647	0.338117510080338	0.338658630847931	0.363278895616531	0.376008093357086	0.489952117204666	0.460249215364456	0.373146265745163	0.401875615119934	0.406280517578125	0.348394989967346	0.362421274185181	0.409082859754562	0.405065089464188	0.433405846357346	0.459696412086487	0.438999176025391	0.472389191389084	0.388190746307373	0.4187191426754	0.461085945367813	0.493714421987534	0.378945916891098	0.542608618736267	0.514932632446289	0.564050257205963	0.516308963298798	0.787993669509888	1.07570791244507	0.721262514591217	0.571877658367157	0.420505106449127	0.412646412849426	0.555154085159302	0.429060578346252	0.388649702072144	0.540999948978424	0.412131458520889	0.385092735290527	0.371974796056747	0.45624902844429	0.35770171880722
0.142841681838036	0.120732828974724	0.142637953162193	0.195740953087807	0.197417378425598	0.198031559586525	0.268715888261795	0.254146158695221	0.30824002623558	0.255162715911865	0.2381761521101	0.232143953442574	0.235199958086014	0.244974359869957	0.288278877735138	0.197029694914818	0.258933633565903	0.224680840969086	0.259160220623016	0.228220745921135	0.285451650619507	0.202266350388527	0.443287014961243	1.11494302749634	0.485361874103546	0.238735303282738	0.34489506483078	0.276175081729889	0.301360666751862	0.336026728153229	0.346516162157059	0.34526526927948	0.401847690343857	0.455449283123016	0.399231106042862	0.333349794149399	0.370463103055954	0.34746453166008	0.326638698577881	0.351007401943207	0.281338483095169	0.335677593946457	0.340214490890503	0.317731499671936	0.42565381526947	0.332863390445709	0.422045528888702	0.447126686573029	0.377165019512177	0.429585635662079	0.400068283081055	0.40762135386467	0.357168734073639	0.386645942926407	0.428949058055878	0.357333958148956	0.496039092540741	0.452704638242722	0.430989682674408	0.404625594615936	0.368768900632858	0.512602865695953	0.499443531036377	0.485719352960587	0.45202112197876	0.677678227424622	0.67985862493515	0.592392385005951	0.53554892539978	0.44009456038475	0.351302653551102	0.398266285657883	0.433766067028046	0.379506021738052	0.369419664144516	0.374538421630859	0.37688747048378	0.37798348069191	0.47215947508812	0.287269830703735
0.118756577372551	0.170632123947144	0.157399117946625	0.208268254995346	0.209102377295494	0.224804118275642	0.221064835786819	0.298950016498566	0.277670353651047	0.263137072324753	0.208918109536171	0.2408427298069	0.194188252091408	0.239570364356041	0.24728137254715	0.245002076029778	0.205986484885216	0.233797639608383	0.223981440067291	0.268181025981903	0.223585620522499	0.313795030117035	0.213279321789742	0.485361874103546	1.1282262802124	0.506585657596588	0.214679762721062	0.352783292531967	0.287122398614883	0.362053275108337	0.292589664459229	0.325086057186127	0.328499644994736	0.399739980697632	0.318081557750702	0.352175027132034	0.292782306671143	0.352206915616989	0.353150993585587	0.296957165002823	0.286828964948654	0.333684056997299	0.322688668966293	0.339137375354767	0.349947273731232	0.349487543106079	0.332661777734756	0.367229282855988	0.352791279554367	0.39758375287056	0.427632987499237	0.386532515287399	0.391316205263138	0.369479984045029	0.382074236869812	0.436261594295502	0.38136687874794	0.463725984096527	0.389603763818741	0.397317439317703	0.459906548261642	0.457770466804504	0.387255907058716	0.545553147792816	0.59831291437149	0.477862626314163	0.576796054840088	0.497962951660156	0.511643469333649	0.435892969369888	0.395341634750366	0.374018102884293	0.410431176424026	0.450640887022018	0.397822737693787	0.315124779939651	0.278762459754944	0.34982568025589	0.456965088844299	0.416529208421707
0.154572144150734	0.135650768876076	0.190169051289558	0.188622489571571	0.205348446965218	0.228360518813133	0.235566005110741	0.260828942060471	0.256691545248032	0.238787919282913	0.176192969083786	0.218440070748329	0.23527604341507	0.224020481109619	0.245719328522682	0.216091707348824	0.226241454482079	0.210184246301651	0.240263566374779	0.224610522389412	0.243698537349701	0.243827059864998	0.320230931043625	0.238735303282738	0.506585657596588	1.14214444160461	0.517172038555145	0.22775536775589	0.352533847093582	0.267043501138687	0.313963115215302	0.293531984090805	0.347600519657135	0.373481571674347	0.324454367160797	0.311789363622665	0.308497875928879	0.287623852491379	0.302095055580139	0.296003252267838	0.267840087413788	0.286783158779144	0.322299867868423	0.33755224943161	0.35548347234726	0.374910622835159	0.38686528801918	0.343993693590164	0.328953832387924	0.316322892904282	0.373476445674896	0.388358354568481	0.365564346313477	0.360093683004379	0.388118654489517	0.37077996134758	0.402532935142517	0.371979773044586	0.459945768117905	0.419319003820419	0.33033087849617	0.452613025903702	0.479119449853897	0.435001283884048	0.484394669532776	0.493603110313416	0.549624979496002	0.600611090660095	0.503495931625366	0.384641110897064	0.322593480348587	0.442550927400589	0.38275009393692	0.392300844192505	0.398259550333023	0.42321103811264	0.357336699962616	0.361538648605347	0.277130931615829	0.359984815120697
0.10768473893404	0.139643892645836	0.141153693199158	0.2001763433218	0.136180892586708	0.159024506807327	0.214343905448914	0.278947383165359	0.26757076382637	0.266288906335831	0.2550268471241	0.243038922548294	0.201006487011909	0.24357046186924	0.198840484023094	0.254532426595688	0.23744909465313	0.232726410031319	0.217833384871483	0.233528032898903	0.262153834104538	0.317334622144699	0.265237778425217	0.34489506483078	0.214679762721062	0.517172038555145	1.25578200817108	0.499102741479874	0.232691198587418	0.324821293354034	0.239177331328392	0.286925911903381	0.244727075099945	0.319263309240341	0.309252500534058	0.351883739233017	0.279186517000198	0.28913676738739	0.296660155057907	0.299042612314224	0.26023343205452	0.306949287652969	0.279469698667526	0.379143714904785	0.305896162986755	0.300615578889847	0.359885513782501	0.338010668754578	0.297661304473877	0.343713849782944	0.374774694442749	0.37806499004364	0.314947098493576	0.337804704904556	0.327546775341034	0.395840764045715	0.329010933637619	0.323997586965561	0.392119437456131	0.416961580514908	0.375390708446503	0.392074108123779	0.498936504125595	0.440936893224716	0.524774074554443	0.600011587142944	0.500934600830078	0.533490180969238	0.426728248596191	0.48233762383461	0.457971721887589	0.450901865959167	0.31572362780571	0.458676189184189	0.368351936340332	0.389735817909241	0.300402373075485	0.347872197628021	0.450010806322098	0.300945818424225
