1.12896192073822	0.474255740642548	0.251867324113846	0.354535758495331	0.256629437208176	0.339704185724258	0.253711730241776	0.300266087055206	0.291680246591568	0.30766025185585	0.3655925989151	0.382778644561768	0.393024563789368	0.50161349773407	0.43088561296463	0.527961730957031	0.492254912853241	0.427242606878281	0.522731721401215	0.440993249416351	0.405275195837021	0.483228892087936	0.428407669067383	0.460252851247787	0.437655031681061	0.438322603702545	0.437502980232239	0.516901612281799	0.460672646760941	0.472035080194473	0.490506589412689	0.551594257354736	0.527128040790558	0.480055153369904	0.520354092121124	0.307455718517303	0.383045315742493	0.349669069051743	0.279563814401627	0.329272538423538	0.300993025302887	0.316301703453064	0.302862107753754	0.29107940196991	0.325815916061401	0.313570767641068	0.292161703109741	0.253841042518616	0.225318223237991	0.312535315752029	0.211189612746239	0.18743896484375	0.312262445688248	0.241787359118462	0.307044923305511	0.306376278400421	0.378232479095459	0.260407269001007	0.310203284025192	0.309990525245667	0.340493679046631	0.359026163816452	0.345279186964035	0.360160440206528	0.288974434137344	0.16613894701004	0.344549775123596	0.354311287403107	0.240961715579033	0.377275049686432	0.357693612575531	0.343069016933441	0.336123287677765	0.397160530090332	0.237623512744904	0.424440652132034	0.315524071455002	0.340606272220612	0.389733821153641	0.309934169054031
0.474255740642548	1.27733945846558	0.503586947917938	0.239203482866287	0.330178260803223	0.247362479567528	0.30744144320488	0.268705666065216	0.240294903516769	0.277463257312775	0.37544521689415	0.395990401506424	0.438115984201431	0.467782378196716	0.447678357362747	0.455632776021957	0.42848140001297	0.416545927524567	0.472928136587143	0.405535966157913	0.32935032248497	0.390123814344406	0.438933938741684	0.39894762635231	0.425177156925201	0.354377299547195	0.430141478776932	0.439074575901031	0.404649436473846	0.41354376077652	0.431546747684479	0.362766236066818	0.422146201133728	0.424502074718475	0.446845799684525	0.411096066236496	0.304720729589462	0.263740003108978	0.344018071889877	0.355213314294815	0.294206976890564	0.238180041313171	0.211135298013687	0.289642989635468	0.205591574311256	0.268075674772263	0.380194634199142	0.221651792526245	0.298571735620499	0.31789419054985	0.282676517963409	0.24040687084198	0.338549315929413	0.327716857194901	0.187620609998703	0.292822241783142	0.2373106777668	0.346737802028656	0.251518964767456	0.285135477781296	0.282366544008255	0.230471804738045	0.382473021745682	0.306402176618576	0.193395599722862	0.337167590856552	0.290542513132095	0.411251217126846	0.241894781589508	0.280475586652756	0.314193814992905	0.373669892549515	0.337424844503403	0.380473345518112	0.21866500377655	0.168230548501015	0.300908535718918	0.312126666307449	0.316720515489578	0.327410995960236
0.251867324113846	0.503586947917938	1.24084317684174	0.465722382068634	0.233702391386032	0.330148756504059	0.244382083415985	0.313354521989822	0.244530543684959	0.350667744874954	0.35241425037384	0.379785358905792	0.381982445716858	0.393919974565506	0.354719042778015	0.458294987678528	0.400706261396408	0.429320752620697	0.423738539218903	0.417854338884354	0.433775007724762	0.406338006258011	0.476835280656815	0.390077859163284	0.414081454277039	0.456839799880981	0.385002225637436	0.321899592876434	0.412134617567062	0.375595510005951	0.320271849632263	0.366710215806961	0.402455925941467	0.428888529539108	0.277591079473495	0.473205655813217	0.270546287298203	0.382377684116364	0.221288323402405	0.314569473266602	0.26064720749855	0.223049506545067	0.30181896686554	0.240994304418564	0.236766755580902	0.337052494287491	0.26751571893692	0.27589675784111	0.323262274265289	0.298054158687592	0.32740592956543	0.224727004766464	0.334973514080048	0.34765836596489	0.279610425233841	0.319515854120255	0.396279990673065	0.270592540502548	0.260348498821259	0.337317645549774	0.28996416926384	0.188352450728416	0.220539778470993	0.346716463565826	0.312961101531982	0.268483906984329	0.320013135671616	0.316445350646973	0.216000899672508	0.285640776157379	0.423775881528854	0.34732860326767	0.410986304283142	0.287022292613983	0.450783759355545	0.449954032897949	0.329987645149231	0.18698513507843	0.224143415689468	0.370489507913589
0.354535758495331	0.239203482866287	0.465722382068634	1.2511625289917	0.468315005302429	0.218081250786781	0.312924176454544	0.272515594959259	0.343849241733551	0.319505751132965	0.368124574422836	0.386478215456009	0.449509471654892	0.365471184253693	0.403711229562759	0.467194437980652	0.495705366134644	0.425637274980545	0.463018298149109	0.413178086280823	0.380919605493546	0.338976383209229	0.496330320835114	0.31848219037056	0.349458456039429	0.331823319196701	0.327844619750977	0.329612523317337	0.401289969682693	0.383825778961182	0.451854377985001	0.414538353681564	0.45783531665802	0.445462316274643	0.329243242740631	0.342271536588669	0.266583561897278	0.185066103935242	0.267292022705078	0.275162845849991	0.322187483310699	0.341105431318283	0.289137154817581	0.256301552057266	0.207916766405106	0.256045997142792	0.256275236606598	0.215991050004959	0.21583716571331	0.244935393333435	0.313648998737335	0.216491058468819	0.308062642812729	0.26209482550621	0.239665776491165	0.242032289505005	0.134707078337669	0.271479070186615	0.286820560693741	0.323870062828064	0.293212711811066	0.26591619849205	0.323123604059219	0.225670099258423	0.314087808132172	0.412992238998413	0.350362062454224	0.295074433088303	0.27059417963028	0.369120478630066	0.31228432059288	0.292476683855057	0.295288115739822	0.310763448476791	0.143947571516037	0.174030169844627	0.266208171844482	0.270041465759277	0.390409737825394	0.252773225307465
0.256629437208176	0.330178260803223	0.233702391386032	0.468315005302429	1.2298858165741	0.478776097297668	0.245077058672905	0.358314216136932	0.288461774587631	0.338730096817017	0.285691648721695	0.42050689458847	0.396563023328781	0.43586939573288	0.394646286964417	0.426253825426102	0.369424611330032	0.447985410690308	0.409775674343109	0.410163402557373	0.410513818264008	0.319022417068481	0.327525287866592	0.419005215167999	0.338453501462936	0.458492308855057	0.404318243265152	0.37042361497879	0.333796739578247	0.332036316394806	0.447858244180679	0.363100349903107	0.394924312829971	0.449836432933807	0.375979661941528	0.375167340040207	0.252421587705612	0.175365075469017	0.258444368839264	0.280959606170654	0.240308240056038	0.2725450694561	0.308852136135101	0.289525508880615	0.215489834547043	0.269129455089569	0.278616219758987	0.169275090098381	0.308522582054138	0.280555695295334	0.297911465167999	0.365349501371384	0.194768354296684	0.197738692164421	0.211459100246429	0.262108713388443	0.200553804636002	0.367497622966766	0.165006324648857	0.241130247712135	0.353143334388733	0.277174770832062	0.259996324777603	0.197667822241783	0.353448331356049	0.307484209537506	0.276328295469284	0.223998785018921	0.199943840503693	0.205199256539345	0.40646830201149	0.193561792373657	0.263393014669418	0.220354288816452	0.257086604833603	0.329815298318863	0.346755594015121	0.287219077348709	0.300476670265198	0.233005404472351
0.339704185724258	0.247362479567528	0.330148756504059	0.218081250786781	0.478776097297668	1.1423112154007	0.505611658096313	0.24718464910984	0.333360224962234	0.288010269403458	0.424981564283371	0.351527094841003	0.443262875080109	0.450954705476761	0.389255344867706	0.477276414632797	0.508412539958954	0.439059674739838	0.435329526662827	0.349555373191833	0.380489885807037	0.309496104717255	0.368270605802536	0.39689165353775	0.280567795038223	0.347032994031906	0.359173208475113	0.274716138839722	0.416036486625671	0.478639602661133	0.421402633190155	0.407188266515732	0.464921444654465	0.409420847892761	0.410035729408264	0.27935004234314	0.223388403654099	0.247088253498077	0.244969516992569	0.253274738788605	0.252368777990341	0.193831816315651	0.203103467822075	0.275516241788864	0.263055145740509	0.228108704090118	0.284541070461273	0.235869407653809	0.296234637498856	0.22875589132309	0.231037259101868	0.256923347711563	0.220277428627014	0.282719194889069	0.17082442343235	0.248834297060966	0.233809500932693	0.297062754631042	0.3046815097332	0.263762623071671	0.240904927253723	0.262173593044281	0.285137861967087	0.23930361866951	0.281135767698288	0.317679852247238	0.273826539516449	0.254798591136932	0.278314799070358	0.270456999540329	0.194583714008331	0.231417909264565	0.308022260665894	0.274199724197388	0.20448887348175	0.353979200124741	0.325960010290146	0.267672061920166	0.242736086249352	0.344257444143295
0.253711730241776	0.30744144320488	0.244382083415985	0.312924176454544	0.245077058672905	0.505611658096313	1.22997868061066	0.470986425876617	0.220583617687225	0.405362516641617	0.328629195690155	0.425285875797272	0.388161778450012	0.416708499193192	0.336835861206055	0.436451375484467	0.451299130916595	0.444714248180389	0.409483551979065	0.354365676641464	0.315825432538986	0.361177295446396	0.377787679433823	0.351234704256058	0.335186630487442	0.38052886724472	0.340831130743027	0.32994019985199	0.285021245479584	0.343997240066528	0.310760408639908	0.393521636724472	0.420581609010696	0.302836775779724	0.305565118789673	0.417069613933563	0.285262793302536	0.189114928245544	0.235740676522255	0.224138930439949	0.251617819070816	0.236598789691925	0.217316091060638	0.141708433628082	0.247393071651459	0.232784643769264	0.210866495966911	0.235496878623962	0.27592658996582	0.206939339637756	0.210187092423439	0.219527572393417	0.236847370862961	0.181960880756378	0.308095306158066	0.241181641817093	0.249201625585556	0.157129511237144	0.279103249311447	0.298259317874908	0.156682133674622	0.232014119625092	0.380860507488251	0.295201510190964	0.211845174431801	0.262392789125443	0.229068487882614	0.250541657209396	0.208727225661278	0.275608956813812	0.208584934473038	0.232102647423744	0.148629754781723	0.237264424562454	0.232292801141739	0.232043504714966	0.232872784137726	0.222945928573608	0.291545927524567	0.26491767168045
0.300266087055206	0.268705666065216	0.313354521989822	0.272515594959259	0.358314216136932	0.24718464910984	0.470986425876617	1.05152094364166	0.529001533985138	0.274029701948166	0.474579483270645	0.355741649866104	0.476259648799896	0.396382868289948	0.4212506711483	0.454170852899551	0.50714236497879	0.427138268947601	0.371956676244736	0.336528480052948	0.275114357471466	0.328698307275772	0.30842062830925	0.296880275011063	0.298254996538162	0.259603500366211	0.331709861755371	0.288307517766953	0.295886427164078	0.30595937371254	0.32890772819519	0.32390171289444	0.32746085524559	0.328773826360703	0.359027981758118	0.297163873910904	0.257437467575073	0.23510330915451	0.202532917261124	0.237537443637848	0.229491353034973	0.23125895857811	0.25984326004982	0.14019550383091	0.166049912571907	0.190534397959709	0.226722896099091	0.175478279590607	0.214833825826645	0.20913103222847	0.171088308095932	0.138628423213959	0.202847823500633	0.180738031864166	0.269865095615387	0.194991856813431	0.19402602314949	0.275495737791061	0.271633952856064	0.323335826396942	0.210712105035782	0.257979571819305	0.215661376714706	0.278348475694656	0.18555822968483	0.288890302181244	0.283262610435486	0.286899775266647	0.255377650260925	0.2476547062397	0.243603393435478	0.20694063603878	0.173582583665848	0.179417490959167	0.19593271613121	0.278291791677475	0.181312546133995	0.238224551081657	0.269556432962418	0.262445122003555
0.291680246591568	0.240294903516769	0.244530543684959	0.343849241733551	0.288461774587631	0.333360224962234	0.220583617687225	0.529001533985138	1.09115791320801	0.567282259464264	0.269666522741318	0.370637983083725	0.351302802562714	0.425478726625443	0.340654045343399	0.421841353178024	0.385659664869308	0.400453478097916	0.333910375833511	0.330078303813934	0.243864580988884	0.279004633426666	0.268712043762207	0.274061232805252	0.226649045944214	0.289122760295868	0.220155447721481	0.25727578997612	0.235548481345177	0.309665858745575	0.307877629995346	0.270528972148895	0.302637010812759	0.320364624261856	0.329128175973892	0.314796924591064	0.273054003715515	0.259380429983139	0.165646865963936	0.168612763285637	0.190216705203056	0.22415791451931	0.177701935172081	0.210072532296181	0.16795851290226	0.22230464220047	0.133757069706917	0.180398538708687	0.2549849152565	0.225232750177383	0.224218234419823	0.199069187045097	0.263099282979965	0.210874795913696	0.267789155244827	0.268806308507919	0.23592534661293	0.200995117425919	0.221012428402901	0.179391503334045	0.197043642401695	0.205809086561203	0.156636714935303	0.237756118178368	0.181284487247467	0.301096379756927	0.303058266639709	0.255251884460449	0.263815581798553	0.220335945487022	0.262041240930557	0.200586318969727	0.272951781749725	0.40402939915657	0.315304160118103	0.274741888046265	0.263190865516663	0.196197718381882	0.192425519227982	0.282651662826538
0.30766025185585	0.277463257312775	0.350667744874954	0.319505751132965	0.338730096817017	0.288010269403458	0.405362516641617	0.274029701948166	0.567282259464264	1.24602842330933	0.522205948829651	0.22871869802475	0.417067021131516	0.26173534989357	0.346003800630569	0.342379629611969	0.333465993404388	0.32351553440094	0.268558770418167	0.258632481098175	0.294506281614304	0.282803684473038	0.313544780015945	0.25221785902977	0.280558586120605	0.279395580291748	0.286308169364929	0.220825031399727	0.27638190984726	0.242357403039932	0.323068797588348	0.319603979587555	0.222253531217575	0.306971490383148	0.29908761382103	0.298179894685745	0.223273172974586	0.279649257659912	0.201969161629677	0.196884140372276	0.209026232361794	0.176647186279297	0.249754786491394	0.195944294333458	0.106489591300488	0.151527479290962	0.204886242747307	0.190856769680977	0.227913081645966	0.22879633307457	0.194623216986656	0.201503202319145	0.180853798985481	0.27804771065712	0.116610258817673	0.27299302816391	0.205469980835915	0.258805960416794	0.239800691604614	0.236929416656494	0.157475113868713	0.293960958719254	0.312955796718597	0.211711809039116	0.253540962934494	0.163713172078133	0.306355178356171	0.131130754947662	0.285111129283905	0.32743626832962	0.310164362192154	0.240572407841682	0.240357995033264	0.212946474552155	0.178491204977036	0.233448624610901	0.212843239307404	0.312552660703659	0.318412452936172	0.279011011123657
0.3655925989151	0.37544521689415	0.35241425037384	0.368124574422836	0.285691648721695	0.424981564283371	0.328629195690155	0.474579483270645	0.269666522741318	0.522205948829651	1.22676289081573	0.497518867254257	0.254029929637909	0.356065899133682	0.29359695315361	0.332923710346222	0.320052027702332	0.331205368041992	0.272643238306046	0.275166481733322	0.24096342921257	0.293812334537506	0.279277503490448	0.248962298035622	0.241288110613823	0.244300663471222	0.306004583835602	0.323483675718307	0.277617305517197	0.28482323884964	0.269364923238754	0.246794477105141	0.333585113286972	0.282490313053131	0.306505560874939	0.248059138655663	0.228678673505783	0.190536990761757	0.183458581566811	0.150215089321136	0.185012400150299	0.223626762628555	0.213785022497177	0.191357478499413	0.195834010839462	0.213091790676117	0.261455684900284	0.301772773265839	0.221854507923126	0.230888515710831	0.260989278554916	0.231009960174561	0.203542456030846	0.17819744348526	0.150861531496048	0.302149593830109	0.211192041635513	0.252747654914856	0.223724827170372	0.330547422170639	0.242048889398575	0.198747485876083	0.227387726306915	0.272047221660614	0.280641674995422	0.277126789093018	0.218394950032234	0.35572537779808	0.165112733840942	0.344369143247604	0.277909964323044	0.3406642973423	0.271745383739471	0.189056053757668	0.339340060949326	0.17434062063694	0.201881155371666	0.25704100728035	0.283611387014389	0.242204174399376
0.382778644561768	0.395990401506424	0.379785358905792	0.386478215456009	0.42050689458847	0.351527094841003	0.425285875797272	0.355741649866104	0.370637983083725	0.22871869802475	0.497518867254257	1.27813577651978	0.494743049144745	0.226112261414528	0.380155682563782	0.266860902309418	0.327127307653427	0.303866416215897	0.271652102470398	0.256890058517456	0.273314476013184	0.220055937767029	0.276668280363083	0.298094898462296	0.228475660085678	0.210469841957092	0.275479912757874	0.250836610794067	0.288010805845261	0.349163144826889	0.273613452911377	0.303752064704895	0.276859164237976	0.316461950540543	0.269512802362442	0.223349064588547	0.273681253194809	0.189242452383041	0.292522221803665	0.166341796517372	0.231650441884995	0.16407123208046	0.1655542999506	0.130691811442375	0.224182859063148	0.223297908902168	0.177711680531502	0.200394123792648	0.206350654363632	0.175281062722206	0.20823360979557	0.215594738721848	0.221911579370499	0.22655862569809	0.234378814697266	0.259909421205521	0.197806969285011	0.243617072701454	0.278381675481796	0.14459690451622	0.207815825939178	0.214855015277863	0.271621853113174	0.302219986915588	0.192760333418846	0.232337817549706	0.223692893981934	0.219032257795334	0.261712193489075	0.364144533872604	0.274757325649261	0.219278633594513	0.292784094810486	0.288870185613632	0.271923929452896	0.254035204648972	0.246512368321419	0.250062048435211	0.23448158800602	0.266930252313614
0.393024563789368	0.438115984201431	0.381982445716858	0.449509471654892	0.396563023328781	0.443262875080109	0.388161778450012	0.476259648799896	0.351302802562714	0.417067021131516	0.254029929637909	0.494743049144745	1.12316107749939	0.570225596427917	0.235009640455246	0.336356103420258	0.278381049633026	0.366408050060272	0.297076463699341	0.277539491653442	0.22226682305336	0.292354881763458	0.260352611541748	0.287381112575531	0.195498302578926	0.27105239033699	0.217178270220757	0.312677592039108	0.228349894285202	0.304954171180725	0.260936260223389	0.301454693078995	0.282348573207855	0.273103028535843	0.234710708260536	0.192747637629509	0.214344620704651	0.262468993663788	0.168478906154633	0.182199388742447	0.159379154443741	0.206487700343132	0.162564903497696	0.162912428379059	0.160311087965965	0.187197685241699	0.182396605610847	0.214113473892212	0.147950232028961	0.199395447969437	0.270138889551163	0.234592035412788	0.128295704722404	0.17205536365509	0.218492522835732	0.149532541632652	0.197422966361046	0.229351311922073	0.165501430630684	0.280767232179642	0.171330451965332	0.278126090764999	0.258253425359726	0.10432492941618	0.226003542542458	0.220555335283279	0.172981113195419	0.175520718097687	0.168723449110985	0.256057590246201	0.227134838700294	0.300549566745758	0.272652506828308	0.391743987798691	0.303632199764252	0.245021134614944	0.207070961594582	0.231214985251427	0.241887494921684	0.331139206886292
0.50161349773407	0.467782378196716	0.393919974565506	0.365471184253693	0.43586939573288	0.450954705476761	0.416708499193192	0.396382868289948	0.425478726625443	0.26173534989357	0.356065899133682	0.226112261414528	0.570225596427917	1.17940425872803	0.51015442609787	0.219136998057365	0.335286498069763	0.259609431028366	0.313020706176758	0.264247357845306	0.282487213611603	0.238891392946243	0.259169161319733	0.277970284223557	0.272376447916031	0.253069251775742	0.28223729133606	0.228881269693375	0.23482671380043	0.294722467660904	0.258464276790619	0.290039092302322	0.258023381233215	0.318176805973053	0.309185206890106	0.22530896961689	0.22477824985981	0.158070787787437	0.15549635887146	0.219133988022804	0.208921551704407	0.234290599822998	0.169608265161514	0.111862853169441	0.223352149128914	0.16649404168129	0.145164147019386	0.139390677213669	0.252965182065964	0.174134075641632	0.205083295702934	0.220826387405396	0.154447257518768	0.134554922580719	0.178541332483292	0.121910281479359	0.241986483335495	0.284481376409531	0.175623670220375	0.234763488173485	0.346506953239441	0.375934988260269	0.24871626496315	0.321011573076248	0.314393997192383	0.218622252345085	0.218653351068497	0.361077517271042	0.216656789183617	0.200969815254211	0.161181911826134	0.275559037923813	0.221251010894775	0.249478101730347	0.26933354139328	0.331540018320084	0.305367916822433	0.404591143131256	0.288766801357269	0.267091244459152
0.43088561296463	0.447678357362747	0.354719042778015	0.403711229562759	0.394646286964417	0.389255344867706	0.336835861206055	0.4212506711483	0.340654045343399	0.346003800630569	0.29359695315361	0.380155682563782	0.235009640455246	0.51015442609787	1.22725236415863	0.482684433460236	0.217701822519302	0.30746802687645	0.22602204978466	0.269247561693192	0.264235407114029	0.230728343129158	0.23407581448555	0.282674908638	0.260802507400513	0.336979687213898	0.264236390590668	0.229437291622162	0.286446779966354	0.348413586616516	0.233398646116257	0.285730838775635	0.232851281762123	0.23375977575779	0.253799378871918	0.237096026539803	0.233369037508965	0.233584210276604	0.222435101866722	0.193154871463776	0.158526569604874	0.182218790054321	0.137480884790421	0.187990352511406	0.218924418091774	0.197956323623657	0.218596547842026	0.205980256199837	0.154191106557846	0.221582159399986	0.273239642381668	0.225913375616074	0.255923867225647	0.132556229829788	0.210415869951248	0.265934437513351	0.120466977357864	0.180164352059364	0.240755185484886	0.275328934192657	0.254033952951431	0.283209472894669	0.234075382351875	0.250813603401184	0.292485594749451	0.279987305402756	0.23226235806942	0.227657005190849	0.279412657022476	0.272228866815567	0.266898393630981	0.177042961120605	0.208792731165886	0.378111302852631	0.169669687747955	0.244961485266685	0.191206485033035	0.332151114940643	0.244323745369911	0.185734495520592
0.527961730957031	0.455632776021957	0.458294987678528	0.467194437980652	0.426253825426102	0.477276414632797	0.436451375484467	0.454170852899551	0.421841353178024	0.342379629611969	0.332923710346222	0.266860902309418	0.336356103420258	0.219136998057365	0.482684433460236	1.20049011707306	0.524145722389221	0.238493710756302	0.32391357421875	0.247270554304123	0.287382245063782	0.223179623484612	0.270587772130966	0.200414746999741	0.272521048784256	0.252189636230469	0.293397277593613	0.215024098753929	0.298302948474884	0.273772090673447	0.268079906702042	0.281798511743546	0.298142343759537	0.262457877397537	0.235985934734344	0.248621344566345	0.194386467337608	0.159196153283119	0.160862356424332	0.191115006804466	0.177896589040756	0.136498853564262	0.177852511405945	0.20743165910244	0.197390303015709	0.162204176187515	0.232290133833885	0.162932157516479	0.168302595615387	0.18147000670433	0.176431775093079	0.28496316075325	0.176267623901367	0.223148956894875	0.293471068143845	0.221378579735756	0.172325760126114	0.147599548101425	0.19699439406395	0.213172420859337	0.191212773323059	0.193813338875771	0.262989282608032	0.193731307983398	0.251037120819092	0.236390605568886	0.194364473223686	0.21825797855854	0.259801477193832	0.219082400202751	0.189078509807587	0.200275376439095	0.23893928527832	0.286262005567551	0.220865502953529	0.18206088244915	0.190485283732414	0.161943629384041	0.318045526742935	0.378221422433853
0.492254912853241	0.42848140001297	0.400706261396408	0.495705366134644	0.369424611330032	0.508412539958954	0.451299130916595	0.50714236497879	0.385659664869308	0.333465993404388	0.320052027702332	0.327127307653427	0.278381049633026	0.335286498069763	0.217701822519302	0.524145722389221	1.14923477172852	0.470408231019974	0.195873096585274	0.309341937303543	0.263904064893723	0.228011548519135	0.22383277118206	0.253028780221939	0.212007775902748	0.250015556812286	0.221897557377815	0.23254956305027	0.265062689781189	0.283342152833939	0.245398789644241	0.290433317422867	0.254236102104187	0.282625943422318	0.283443868160248	0.284724652767181	0.221166625618935	0.183279201388359	0.194327548146248	0.218616276979446	0.172961324453354	0.223802000284195	0.133171543478966	0.172295853495598	0.119446970522404	0.165678754448891	0.181608259677887	0.124816745519638	0.160582840442657	0.260552912950516	0.184447526931763	0.188337713479996	0.237974658608437	0.192680045962334	0.190309569239616	0.196766301989555	0.253425806760788	0.22379444539547	0.207040444016457	0.192122459411621	0.200475975871086	0.182535380125046	0.240858286619186	0.211267307400703	0.247660905122757	0.309345602989197	0.252728283405304	0.203648403286934	0.238584756851196	0.304071247577667	0.189618825912476	0.177648961544037	0.156419560313225	0.150243982672691	0.269675642251968	0.373015522956848	0.28981825709343	0.131357073783875	0.20040462911129	0.263861358165741
0.427242606878281	0.416545927524567	0.429320752620697	0.425637274980545	0.447985410690308	0.439059674739838	0.444714248180389	0.427138268947601	0.400453478097916	0.32351553440094	0.331205368041992	0.303866416215897	0.366408050060272	0.259609431028366	0.30746802687645	0.238493710756302	0.470408231019974	1.04354012012482	0.423092693090439	0.218844994902611	0.309155225753784	0.217516273260117	0.278924763202667	0.220790073275566	0.278682112693787	0.252310812473297	0.281491607427597	0.297194391489029	0.272469997406006	0.286854058504105	0.346954852342606	0.309598624706268	0.350463211536407	0.343705385923386	0.357737809419632	0.26418673992157	0.225834861397743	0.153927266597748	0.173759713768959	0.163413032889366	0.170516952872276	0.155646294355392	0.191180065274239	0.175312638282776	0.173704132437706	0.196087583899498	0.171176791191101	0.11642786860466	0.214064955711365	0.190474703907967	0.240289658308029	0.15621317923069	0.208836197853088	0.181938722729683	0.153752818703651	0.203969657421112	0.166437894105911	0.216629981994629	0.316140055656433	0.212863966822624	0.143212378025055	0.169655859470367	0.218915551900864	0.1636833101511	0.22689925134182	0.174727261066437	0.231541812419891	0.122355565428734	0.308407694101334	0.277137577533722	0.283860892057419	0.210996896028519	0.2653828561306	0.149620145559311	0.203348502516747	0.381338953971863	0.235610216856003	0.225642502307892	0.340008288621902	0.213401511311531
0.522731721401215	0.472928136587143	0.423738539218903	0.463018298149109	0.409775674343109	0.435329526662827	0.409483551979065	0.371956676244736	0.333910375833511	0.268558770418167	0.272643238306046	0.271652102470398	0.297076463699341	0.313020706176758	0.22602204978466	0.32391357421875	0.195873096585274	0.423092693090439	1.111328125	0.497732788324356	0.235618188977242	0.354166269302368	0.264284938573837	0.267423897981644	0.251120865345001	0.308748990297318	0.238277032971382	0.330305576324463	0.213440969586372	0.308889538049698	0.292125016450882	0.385208547115326	0.349819093942642	0.291822791099548	0.294938594102859	0.196633234620094	0.214076310396194	0.221954137086868	0.211014807224274	0.138284757733345	0.157254204154015	0.225822553038597	0.182231619954109	0.231972545385361	0.148374512791634	0.203499481081963	0.175560683012009	0.211827844381332	0.275771230459213	0.215414449572563	0.154399797320366	0.197768792510033	0.209586277604103	0.150462597608566	0.214955896139145	0.244754403829575	0.18578639626503	0.285102307796478	0.214998915791512	0.184420391917229	0.294643491506577	0.246596157550812	0.228412389755249	0.33519059419632	0.283716827630997	0.234548658132553	0.243906021118164	0.236104309558868	0.331177592277527	0.285873502492905	0.323997050523758	0.279189735651016	0.189956471323967	0.344958901405334	0.336507022380829	0.226416453719139	0.129843205213547	0.170236557722092	0.28255358338356	0.198155447840691
0.440993249416351	0.405535966157913	0.417854338884354	0.413178086280823	0.410163402557373	0.349555373191833	0.354365676641464	0.336528480052948	0.330078303813934	0.258632481098175	0.275166481733322	0.256890058517456	0.277539491653442	0.264247357845306	0.269247561693192	0.247270554304123	0.309341937303543	0.218844994902611	0.497732788324356	1.14755892753601	0.479645967483521	0.21648283302784	0.302365839481354	0.224070429801941	0.296036601066589	0.264642864465714	0.312054336071014	0.212000265717506	0.270923525094986	0.277153491973877	0.268793731927872	0.289059907197952	0.299415677785873	0.268246114253998	0.249672964215279	0.224276125431061	0.260761588811874	0.182602435350418	0.214780524373055	0.194895043969154	0.209309935569763	0.194999530911446	0.217151656746864	0.241858333349228	0.211431324481964	0.176500111818314	0.250171154737473	0.188387885689735	0.255175083875656	0.271533817052841	0.2793869972229	0.247079163789749	0.176546081900597	0.240324184298515	0.234998777508736	0.271912753582001	0.152736142277718	0.183222353458405	0.241473913192749	0.269470542669296	0.299901604652405	0.226085394620895	0.201490104198456	0.231775835156441	0.270731210708618	0.269212067127228	0.257453501224518	0.262378841638565	0.255369484424591	0.208453983068466	0.371001392602921	0.147077009081841	0.167566880583763	0.232547670602798	0.287710279226303	0.179188683629036	0.286347448825836	0.280894756317139	0.261450886726379	0.217643171548843
0.405275195837021	0.32935032248497	0.433775007724762	0.380919605493546	0.410513818264008	0.380489885807037	0.315825432538986	0.275114357471466	0.243864580988884	0.294506281614304	0.24096342921257	0.273314476013184	0.22226682305336	0.282487213611603	0.264235407114029	0.287382245063782	0.263904064893723	0.309155225753784	0.235618188977242	0.479645967483521	1.16987264156342	0.498736441135406	0.222057789564133	0.318688720464706	0.27351438999176	0.271615535020828	0.257102638483047	0.266266822814941	0.261667966842651	0.344989597797394	0.275562345981598	0.250740766525269	0.28808131814003	0.340612471103668	0.259594738483429	0.245047926902771	0.260482728481293	0.214054331183434	0.225330471992493	0.20561783015728	0.153435409069061	0.155163124203682	0.20209926366806	0.152293294668198	0.201104491949081	0.181374192237854	0.214591547846794	0.130844414234161	0.173748567700386	0.198556646704674	0.245979726314545	0.214091822504997	0.249881371855736	0.239316716790199	0.271052598953247	0.23145891726017	0.220611438155174	0.260367184877396	0.167006835341454	0.219771444797516	0.289676427841187	0.173851475119591	0.179013714194298	0.320808976888657	0.321750998497009	0.237125501036644	0.322015821933746	0.223617106676102	0.252130329608917	0.255012482404709	0.261924803256989	0.138543680310249	0.25585675239563	0.297289460897446	0.224677965044975	0.283684462308884	0.273310363292694	0.28865173459053	0.256139874458313	0.221286728978157
0.483228892087936	0.390123814344406	0.406338006258011	0.338976383209229	0.319022417068481	0.309496104717255	0.361177295446396	0.328698307275772	0.279004633426666	0.282803684473038	0.293812334537506	0.220055937767029	0.292354881763458	0.238891392946243	0.230728343129158	0.223179623484612	0.228011548519135	0.217516273260117	0.354166269302368	0.21648283302784	0.498736441135406	1.23718249797821	0.481933414936066	0.218227341771126	0.321772783994675	0.246824204921722	0.303651481866837	0.237606942653656	0.307264357805252	0.291452080011368	0.264837682247162	0.262403577566147	0.256033599376678	0.266393303871155	0.231735959649086	0.242602378129959	0.166896641254425	0.157993674278259	0.201092153787613	0.206710323691368	0.161692783236504	0.190870448946953	0.154153764247894	0.165861696004868	0.195578590035439	0.160428941249847	0.197782903909683	0.20178647339344	0.14617158472538	0.15847709774971	0.214427575469017	0.187318965792656	0.243856072425842	0.206038072705269	0.22554412484169	0.212672725319862	0.243997514247894	0.194998443126678	0.217136189341545	0.206772133708	0.220954313874245	0.314102977514267	0.187007218599319	0.247310280799866	0.262949585914612	0.237703740596771	0.292578667402267	0.180378079414368	0.216354995965958	0.256437093019485	0.371602743864059	0.277998417615891	0.385180205106735	0.277965635061264	0.208864405751228	0.309020072221756	0.260588645935059	0.196367606520653	0.231363818049431	0.256796509027481
0.428407669067383	0.438933938741684	0.476835280656815	0.496330320835114	0.327525287866592	0.368270605802536	0.377787679433823	0.30842062830925	0.268712043762207	0.313544780015945	0.279277503490448	0.276668280363083	0.260352611541748	0.259169161319733	0.23407581448555	0.270587772130966	0.22383277118206	0.278924763202667	0.264284938573837	0.302365839481354	0.222057789564133	0.481933414936066	1.26199507713318	0.482093811035156	0.225971221923828	0.337290287017822	0.270715951919556	0.264547616243362	0.257323503494263	0.290780007839203	0.246152371168137	0.336567252874374	0.303331017494202	0.277768224477768	0.237805470824242	0.198214635252953	0.229888722300529	0.214539662003517	0.136199712753296	0.168828666210175	0.166319295763969	0.183172643184662	0.158801883459091	0.18001651763916	0.189075857400894	0.175952956080437	0.21396017074585	0.190786615014076	0.173864871263504	0.19312472641468	0.21076825261116	0.26631760597229	0.201130256056786	0.131819024682045	0.143482729792595	0.261403262615204	0.224450126290321	0.209218293428421	0.246030583977699	0.223344504833221	0.179273515939713	0.234884575009346	0.210312247276306	0.165179073810577	0.322858154773712	0.234634771943092	0.28114715218544	0.211963385343552	0.168178588151932	0.183424815535545	0.167463734745979	0.214992970228195	0.239363923668861	0.317565828561783	0.242251917719841	0.293732941150665	0.272107064723969	0.331337302923203	0.270805686712265	0.169508919119835
0.460252851247787	0.39894762635231	0.390077859163284	0.31848219037056	0.419005215167999	0.39689165353775	0.351234704256058	0.296880275011063	0.274061232805252	0.25221785902977	0.248962298035622	0.298094898462296	0.287381112575531	0.277970284223557	0.282674908638	0.200414746999741	0.253028780221939	0.220790073275566	0.267423897981644	0.224070429801941	0.318688720464706	0.218227341771126	0.482093811035156	1.1539055109024	0.57024073600769	0.240549817681313	0.352956265211105	0.225130692124367	0.286410450935364	0.317404061555862	0.26207971572876	0.293745428323746	0.313539266586304	0.247581824660301	0.246989130973816	0.226167023181915	0.214974820613861	0.221715703606606	0.211941406130791	0.190294370055199	0.175708308815956	0.181488186120987	0.168725669384003	0.219361245632172	0.194824695587158	0.195743098855019	0.207123711705208	0.257702887058258	0.21264474093914	0.226538315415382	0.243845239281654	0.216398790478706	0.163157656788826	0.205014571547508	0.208911865949631	0.228236272931099	0.234031662344933	0.274067342281342	0.273551553487778	0.260776668787003	0.313228189945221	0.184644445776939	0.210948884487152	0.218055233359337	0.344728082418442	0.226640477776527	0.278359532356262	0.36016845703125	0.312208235263824	0.229978784918785	0.173727720975876	0.195739507675171	0.220726534724236	0.222688123583794	0.149387523531914	0.306484550237656	0.24761863052845	0.27558496594429	0.23657700419426	0.317287474870682
0.437655031681061	0.425177156925201	0.414081454277039	0.349458456039429	0.338453501462936	0.280567795038223	0.335186630487442	0.298254996538162	0.226649045944214	0.280558586120605	0.241288110613823	0.228475660085678	0.195498302578926	0.272376447916031	0.260802507400513	0.272521048784256	0.212007775902748	0.278682112693787	0.251120865345001	0.296036601066589	0.27351438999176	0.321772783994675	0.225971221923828	0.57024073600769	1.15965616703033	0.535488128662109	0.226573690772057	0.288989037275314	0.249785125255585	0.318912267684937	0.246084675192833	0.289084166288376	0.269503712654114	0.211746171116829	0.221263438463211	0.210517272353172	0.205709189176559	0.209614098072052	0.186416566371918	0.189058288931847	0.151025354862213	0.145241901278496	0.200879737734795	0.233959019184113	0.178485810756683	0.212564945220947	0.183381527662277	0.162312671542168	0.190178260207176	0.205794051289558	0.228930845856667	0.208618670701981	0.242896467447281	0.219055160880089	0.212293267250061	0.165022939443588	0.224476680159569	0.250900775194168	0.296579897403717	0.23781181871891	0.296040892601013	0.24761089682579	0.221707224845886	0.30247688293457	0.219266176223755	0.302702695131302	0.300666183233261	0.339399218559265	0.302951604127884	0.182021528482437	0.226314410567284	0.201806485652924	0.212200298905373	0.220996081829071	0.383447468280792	0.247760236263275	0.291888415813446	0.193722799420357	0.329330176115036	0.270721524953842
0.438322603702545	0.354377299547195	0.456839799880981	0.331823319196701	0.458492308855057	0.347032994031906	0.38052886724472	0.259603500366211	0.289122760295868	0.279395580291748	0.244300663471222	0.210469841957092	0.27105239033699	0.253069251775742	0.336979687213898	0.252189636230469	0.250015556812286	0.252310812473297	0.308748990297318	0.264642864465714	0.271615535020828	0.246824204921722	0.337290287017822	0.240549817681313	0.535488128662109	1.1804074048996	0.521509885787964	0.229369938373566	0.302782893180847	0.236201092600822	0.274985253810883	0.246632099151611	0.281133353710175	0.23665314912796	0.265274733304977	0.17925164103508	0.20067971944809	0.182375609874725	0.191169962286949	0.205337628722191	0.146663174033165	0.175052359700203	0.157729387283325	0.192402541637421	0.128142401576042	0.161398515105247	0.238803207874298	0.12689433991909	0.167682439088821	0.155383631587029	0.222318455576897	0.255752772092819	0.218171954154968	0.259651988744736	0.264139413833618	0.168153077363968	0.194341436028481	0.17056243121624	0.281613230705261	0.297653526067734	0.297636836767197	0.249308928847313	0.258055508136749	0.188596054911613	0.160154700279236	0.253361850976944	0.269179403781891	0.290955096483231	0.250545561313629	0.215189710259438	0.308325678110123	0.350023150444031	0.284458994865417	0.280656397342682	0.326431900262833	0.222163483500481	0.225832879543304	0.154706597328186	0.228519439697266	0.266988903284073
0.437502980232239	0.430141478776932	0.385002225637436	0.327844619750977	0.404318243265152	0.359173208475113	0.340831130743027	0.331709861755371	0.220155447721481	0.286308169364929	0.306004583835602	0.275479912757874	0.217178270220757	0.28223729133606	0.264236390590668	0.293397277593613	0.221897557377815	0.281491607427597	0.238277032971382	0.312054336071014	0.257102638483047	0.303651481866837	0.270715951919556	0.352956265211105	0.226573690772057	0.521509885787964	1.14029681682587	0.487027555704117	0.225862056016922	0.339270532131195	0.262175291776657	0.277599185705185	0.253275483846664	0.228054016828537	0.217162549495697	0.223799258470535	0.17686752974987	0.19069841504097	0.176175504922867	0.226207196712494	0.182292386889458	0.154460519552231	0.214048966765404	0.214810714125633	0.170195549726486	0.185059547424316	0.191582873463631	0.152092933654785	0.185629159212112	0.250582784414291	0.184542402625084	0.215535923838615	0.23331592977047	0.171625107526779	0.314811050891876	0.218407928943634	0.219468250870705	0.307595312595367	0.256110936403275	0.179177016019821	0.131205379962921	0.286810487508774	0.268750458955765	0.217353209853172	0.343336522579193	0.257580876350403	0.292397618293762	0.1816316395998	0.267508655786514	0.249861851334572	0.298027247190475	0.343365758657455	0.276097357273102	0.250289380550385	0.280780553817749	0.2532559633255	0.181543573737144	0.222870334982872	0.262302368879318	0.281256496906281
