1.0418142080307	0.437849134206772	0.206831559538841	0.278370320796967	0.179626360535622	0.266079515218735	0.201196104288101	0.151854202151299	0.168789997696877	0.177205696702003	0.149806678295135	0.185260459780693	0.178247720003128	0.167630210518837	0.117321938276291	0.198404386639595	0.09223373234272	0.151961222290993	0.110367715358734	0.21629610657692	0.104161858558655	0.235545784235001	0.132345795631409	0.185398384928703	0.201814547181129	0.197238489985466	0.257521659135818	0.295147597789764	0.162325695157051	0.192503958940506	0.205611258745193	0.25734731554985	0.246118754148483	0.148401126265526	0.25659242272377	0.213270097970963	0.0859691649675369	0.151105284690857	0.212031796574593	0.187935873866081	0.299565672874451	0.124719895422459	0.224572628736496	0.364911466836929	0.287446111440659	0.2787224650383	0.256122231483459	0.302783995866776	0.305124342441559	0.152852043509483	0.377260953187943	0.210452631115913	0.177661865949631	0.385298401117325	0.350166827440262	0.240846738219261	0.264015257358551	0.250923246145248	0.220453068614006	0.32387375831604	0.211514085531235	0.3860082924366	0.283835262060165	0.353205353021622	0.194876566529274	0.239076033234596	0.249688625335693	0.212657243013382	0.233161598443985	0.254996240139008	0.296153604984283	0.31317201256752	0.26150318980217	0.270315110683441	0.158235281705856	0.213789001107216	0.234994545578957	0.177618190646172	0.299210906028748	0.264434009790421
0.437849134206772	0.959987580776215	0.447179675102234	0.212565422058105	0.308133572340012	0.215318202972412	0.290212005376816	0.105846591293812	0.210807964205742	0.183087170124054	0.153421178460121	0.163234114646912	0.149357810616493	0.179393649101257	0.102987989783287	0.110228270292282	0.15743188560009	0.101815387606621	0.134223893284798	0.129950642585754	0.220461770892143	0.178157597780228	0.198790550231934	0.157065257430077	0.147631347179413	0.172685503959656	0.227771177887917	0.135014608502388	0.132993802428246	0.223612651228905	0.269064486026764	0.153437852859497	0.240054339170456	0.248252436518669	0.221291303634644	0.11476444453001	0.17608679831028	0.130187422037125	0.0950020998716354	0.180986940860748	0.226058393716812	0.227026209235191	0.215616628527641	0.205180257558823	0.235505238175392	0.128512784838676	0.196726411581039	0.295045644044876	0.202197030186653	0.255723983049393	0.210743680596352	0.28062105178833	0.318409770727158	0.27563014626503	0.286892473697662	0.236520975828171	0.234333962202072	0.271932780742645	0.263400793075562	0.240991875529289	0.43323490023613	0.258867472410202	0.261615216732025	0.20693750679493	0.199578508734703	0.343483716249466	0.255713045597076	0.132383584976196	0.318383038043976	0.250944137573242	0.235899329185486	0.257159233093262	0.234336093068123	0.236806213855743	0.216070860624313	0.211082607507706	0.090249165892601	0.225165575742722	0.15321509540081	0.193284377455711
0.206831559538841	0.447179675102234	0.894731640815735	0.481002062559128	0.204158887267113	0.360106915235519	0.333490431308746	0.234856694936752	0.134150430560112	0.252100050449371	0.249351665377617	0.222670212388039	0.184800148010254	0.199022948741913	0.193462863564491	0.141184881329536	0.129732057452202	0.190351858735085	0.167495667934418	0.242952927947044	0.137998819351196	0.183806478977203	0.226892277598381	0.18070513010025	0.189095079898834	0.142433434724808	0.257491677999496	0.194169566035271	0.21135450899601	0.188756838440895	0.224632233381271	0.264797657728195	0.192947834730148	0.45097404718399	0.225718557834625	0.247570544481277	0.248380318284035	0.315946251153946	0.360211759805679	0.230706334114075	0.278411120176315	0.277520626783371	0.558497250080109	0.238331735134125	0.275348216295242	0.277228564023972	0.307064056396484	0.377906560897827	0.264103353023529	0.206868469715118	0.342966258525848	0.221964403986931	0.304492443799973	0.233589321374893	0.342238187789917	0.371072351932526	0.428801298141479	0.43996125459671	0.275585681200027	0.38990181684494	0.303440541028976	0.355364859104156	0.38822141289711	0.272804170846939	0.46181121468544	0.199490606784821	0.297637164592743	0.314136534929276	0.3339883685112	0.193335071206093	0.349284589290619	0.277372747659683	0.277932286262512	0.319274872541428	0.19623975455761	0.227674320340157	0.187692850828171	0.107939675450325	0.286385923624039	0.542040467262268
0.278370320796967	0.212565422058105	0.481002062559128	0.998745322227478	0.499390691518784	0.224852189421654	0.374682277441025	0.202771037817001	0.270067811012268	0.237049743533134	0.240768134593964	0.209885433316231	0.258098870515823	0.208144560456276	0.236744478344917	0.229288712143898	0.167251080274582	0.210322260856628	0.233930751681328	0.247034430503845	0.19915883243084	0.195929944515228	0.135204821825027	0.146885618567467	0.268730580806732	0.153023704886436	0.185260087251663	0.235242128372192	0.269292175769806	0.19080425798893	0.264193534851074	0.221386715769768	0.134739100933075	0.293348580598831	0.262705832719803	0.205877617001534	0.363416224718094	0.320592373609543	0.37408909201622	0.234578222036362	0.274474889039993	0.128636658191681	0.328428745269775	0.360613852739334	0.292999356985092	0.188437938690186	0.365322828292847	0.267995834350586	0.403985887765884	0.570170164108276	0.30252605676651	0.393884271383286	0.457978338003159	0.434203952550888	0.250371932983398	0.30706000328064	0.347176790237427	0.349163711071014	0.458206325769424	0.258242130279541	0.436638802289963	0.267877370119095	0.556107342243195	0.219940304756165	0.477765113115311	0.354202389717102	0.609680533409119	0.619790077209473	0.259144842624664	0.24510432779789	0.260172814130783	0.148900657892227	0.226432904601097	0.429037004709244	0.417639344930649	0.305998235940933	0.233012363314629	0.363343834877014	0.207395642995834	0.336387068033218
0.179626360535622	0.308133572340012	0.204158887267113	0.499390691518784	1.00950336456299	0.508378863334656	0.248984426259995	0.273693174123764	0.208271816372871	0.292239993810654	0.187349811196327	0.267873883247375	0.203063100576401	0.22475691139698	0.24200627207756	0.260070979595184	0.194941386580467	0.21113595366478	0.178903251886368	0.264433950185776	0.246946766972542	0.232201054692268	0.259653955698013	0.229372709989548	0.336873352527618	0.270694404840469	0.209397971630096	0.229592472314835	0.237902984023094	0.328105121850967	0.229946851730347	0.291224509477615	0.256698459386826	0.274374067783356	0.44183760881424	0.413685947656631	0.320172995328903	0.268193900585175	0.305769115686417	0.213681533932686	0.225361838936806	0.334792703390121	0.339093625545502	0.439941495656967	0.406616777181625	0.351105362176895	0.38889154791832	0.348746031522751	0.5126913189888	0.417357504367828	0.327758699655533	0.506741523742676	0.405658900737762	0.442200988531113	0.360576629638672	0.339643597602844	0.273031681776047	0.383375316858292	0.343058586120605	0.43534192442894	0.413373619318008	0.283230870962143	0.461380779743195	0.558111131191254	0.399717807769775	0.395080834627151	0.386829882860184	0.403269976377487	0.393025040626526	0.444261640310287	0.555656969547272	0.484415352344513	0.333707392215729	0.223324298858643	0.245115175843239	0.464565515518188	0.601832032203674	0.23641175031662	0.139388546347618	0.145914793014526
0.266079515218735	0.215318202972412	0.360106915235519	0.224852189421654	0.508378863334656	1.07699251174927	0.478440791368484	0.156574085354805	0.248667120933533	0.177433103322983	0.239348471164703	0.20487143099308	0.250619024038315	0.224600687623024	0.20914763212204	0.16423861682415	0.205097585916519	0.160275831818581	0.223515868186951	0.230826526880264	0.27793887257576	0.256661623716354	0.280986785888672	0.280388951301575	0.239236235618591	0.201189592480659	0.251779824495316	0.275690674781799	0.211790159344673	0.28713122010231	0.294519573450089	0.285121887922287	0.378100991249084	0.31751474738121	0.263837665319443	0.324336618185043	0.272691041231155	0.340958893299103	0.433056771755219	0.315003573894501	0.251921862363815	0.250023931264877	0.277479976415634	0.333688676357269	0.463451117277145	0.383519440889359	0.348537176847458	0.255682110786438	0.278400987386703	0.383276790380478	0.476200073957443	0.612230837345123	0.46947255730629	0.443342238664627	0.490939348936081	0.381327271461487	0.405538320541382	0.424853414297104	0.378978103399277	0.277389138936996	0.230246394872665	0.444694459438324	0.323612093925476	0.426628351211548	0.537360072135925	0.346421301364899	0.488379895687103	0.404537677764893	0.387657344341278	0.488871991634369	0.259824901819229	0.272619515657425	0.351093173027039	0.395111531019211	0.309462457895279	0.436681807041168	0.402937054634094	0.311164498329163	0.381291329860687	0.333005398511887
0.201196104288101	0.290212005376816	0.333490431308746	0.374682277441025	0.248984426259995	0.478440791368484	0.930963575839996	0.430043280124664	0.188275262713432	0.296531796455383	0.249208301305771	0.380069702863693	0.267921090126038	0.233523890376091	0.236728519201279	0.209897041320801	0.162868276238441	0.334324479103088	0.251365929841995	0.196664273738861	0.331279814243317	0.263532370328903	0.267997264862061	0.277422338724136	0.264837652444839	0.327244162559509	0.36622428894043	0.234888523817062	0.29989218711853	0.295002073049545	0.300145119428635	0.352631539106369	0.342598646879196	0.52100658416748	0.381126552820206	0.315811336040497	0.318258792161942	0.366278946399689	0.408734858036041	0.370624333620071	0.294847458600998	0.378703057765961	0.308985382318497	0.444995731115341	0.414144337177277	0.397793173789978	0.354930967092514	0.406636983156204	0.399449467658997	0.532795250415802	0.404916882514954	0.596138119697571	0.640075445175171	0.472159653902054	0.670362174510956	0.393289029598236	0.329901933670044	0.434370249509811	0.335245788097382	0.256030231714249	0.334414273500443	0.454655796289444	0.445749789476395	0.399836242198944	0.451236665248871	0.46380877494812	0.506415367126465	0.538540959358215	0.482870757579803	0.47602179646492	0.322497934103012	0.316734433174133	0.476060092449188	0.432816624641418	0.316699147224426	0.257575154304504	0.306717485189438	0.509831309318542	0.312620788812637	0.409818798303604
0.151854202151299	0.105846591293812	0.234856694936752	0.202771037817001	0.273693174123764	0.156574085354805	0.430043280124664	0.973195910453796	0.447282731533051	0.237625509500504	0.457232803106308	0.389654517173767	0.427510231733322	0.326053887605667	0.33454641699791	0.260411471128464	0.31985467672348	0.287068992853165	0.22919650375843	0.378587961196899	0.397232592105865	0.370854020118713	0.469680905342102	0.4927898645401	0.382122278213501	0.350565761327744	0.503055572509766	0.37445542216301	0.504817724227905	0.520168602466583	0.507194221019745	0.413927048444748	0.473036915063858	0.582949221134186	0.595736145973206	0.510711252689362	0.451037704944611	0.281977206468582	0.446703940629959	0.340043514966965	0.405569076538086	0.414710998535156	0.532935500144958	0.426680386066437	0.46132704615593	0.473320305347443	0.382613778114319	0.459068119525909	0.502371966838837	0.465932995080948	0.57666289806366	0.38955357670784	0.685025155544281	0.671014249324799	0.604158997535706	0.679204106330872	0.458370923995972	0.522220075130463	0.486047804355621	0.350198954343796	0.653400719165802	0.49216765165329	0.278699338436127	0.58786940574646	0.685732364654541	0.788513660430908	0.573604464530945	0.342094630002975	0.328161656856537	0.413842380046844	0.560104608535767	0.448778390884399	0.358282953500748	0.463018506765366	0.528032183647156	0.200605183839798	0.4179627597332	0.347596317529678	0.325770169496536	0.252902507781982
0.168789997696877	0.210807964205742	0.134150430560112	0.270067811012268	0.208271816372871	0.248667120933533	0.188275262713432	0.447282731533051	1.02234041690826	0.568969428539276	0.277654409408569	0.412266433238983	0.300770670175552	0.329470545053482	0.278506755828857	0.284931570291519	0.249030888080597	0.328469663858414	0.313115000724792	0.357051402330399	0.329562187194824	0.223282665014267	0.298519849777222	0.400592595338821	0.324186950922012	0.397781163454056	0.260160446166992	0.325735181570053	0.340050011873245	0.429729342460632	0.255457490682602	0.377931863069534	0.404096633195877	0.399577558040619	0.291883051395416	0.396297365427017	0.483559787273407	0.381561100482941	0.258143484592438	0.335971027612686	0.452147454023361	0.44815781712532	0.415008038282394	0.474266648292542	0.360066533088684	0.247580289840698	0.453233063220978	0.414591521024704	0.574705898761749	0.295941114425659	0.464816212654114	0.399691551923752	0.483277171850204	0.64177805185318	0.399349629878998	0.509593665599823	0.485511869192123	0.500397861003876	0.290158033370972	0.475756704807281	0.481946051120758	0.547057449817657	0.396067559719086	0.530913889408112	0.464736849069595	0.461291551589966	0.722652554512024	0.380247294902802	0.440072357654572	0.558567583560944	0.356161415576935	0.356306523084641	0.535538017749786	0.460482984781265	0.356763243675232	0.382248044013977	0.157561078667641	0.204544886946678	0.321599513292313	0.386523336172104
0.177205696702003	0.183087170124054	0.252100050449371	0.237049743533134	0.292239993810654	0.177433103322983	0.296531796455383	0.237625509500504	0.568969428539276	1.02230584621429	0.537452697753906	0.205006420612335	0.369110584259033	0.271244674921036	0.224120140075684	0.226549804210663	0.263760805130005	0.275833338499069	0.297564685344696	0.273686647415161	0.26969575881958	0.274799078702927	0.316036880016327	0.226396545767784	0.339465975761414	0.329751640558243	0.328508764505386	0.368479639291763	0.32184836268425	0.363006323575974	0.423220843076706	0.327366501092911	0.373360425233841	0.370305329561234	0.389540642499924	0.26705864071846	0.293597966432571	0.353914797306061	0.41739022731781	0.337341994047165	0.441628247499466	0.335635989904404	0.340837240219116	0.374238342046738	0.419465243816376	0.432989060878754	0.41875946521759	0.387910544872284	0.307416945695877	0.404998332262039	0.402620255947113	0.67193603515625	0.571543514728546	0.51021546125412	0.442769408226013	0.464583188295364	0.434564888477325	0.405330419540405	0.417026072740555	0.419702142477036	0.381675869226456	0.516014158725739	0.411684840917587	0.343733727931976	0.487941205501556	0.268726110458374	0.511892974376678	0.3525770008564	0.492199778556824	0.318065524101257	0.164535641670227	0.355738699436188	0.329869478940964	0.364597856998444	0.505428552627563	0.457980424165726	0.339679092168808	0.302670150995255	0.371422708034515	0.187423333525658
0.149806678295135	0.153421178460121	0.249351665377617	0.240768134593964	0.187349811196327	0.239348471164703	0.249208301305771	0.457232803106308	0.277654409408569	0.537452697753906	1.04165399074554	0.485601514577866	0.204910919070244	0.276496022939682	0.218136936426163	0.25630059838295	0.265530675649643	0.315106272697449	0.220529422163963	0.23951081931591	0.304358214139938	0.44779846072197	0.38462245464325	0.263445138931274	0.264391601085663	0.339746564626694	0.338737845420837	0.371900469064713	0.287868797779083	0.384167462587357	0.316511273384094	0.430165857076645	0.393231302499771	0.486372500658035	0.417318791151047	0.374461531639099	0.326368451118469	0.466741889715195	0.38886758685112	0.29129421710968	0.329909175634384	0.319681435823441	0.398508578538895	0.372728943824768	0.415770381689072	0.401501834392548	0.17934875190258	0.395861893892288	0.462099313735962	0.49850332736969	0.433428734540939	0.56562602519989	0.638318598270416	0.594709038734436	0.371646672487259	0.455871313810349	0.454415947198868	0.522928059101105	0.389946341514587	0.335455805063248	0.31150159239769	0.425323814153671	0.476562738418579	0.457291603088379	0.431934952735901	0.522505879402161	0.521973848342896	0.524239480495453	0.377637505531311	0.285998165607452	0.344461590051651	0.459948271512985	0.316852360963821	0.186989709734917	0.211099117994308	0.377489566802979	0.285266071557999	0.421336203813553	0.366092830896378	0.343296378850937
0.185260459780693	0.163234114646912	0.222670212388039	0.209885433316231	0.267873883247375	0.20487143099308	0.380069702863693	0.389654517173767	0.412266433238983	0.205006420612335	0.485601514577866	0.980114161968231	0.492625176906586	0.219736412167549	0.308190613985062	0.241696238517761	0.258509755134583	0.292574018239975	0.303406894207001	0.310796290636063	0.378396660089493	0.357474505901337	0.392939239740372	0.356892555952072	0.405608057975769	0.362392663955688	0.318003326654434	0.447689861059189	0.39826026558876	0.38056355714798	0.390970081090927	0.499124765396118	0.489539861679077	0.436805993318558	0.270510822534561	0.318206340074539	0.318646728992462	0.407747089862823	0.441920310258865	0.535751402378082	0.412953466176987	0.354817241430283	0.478036403656006	0.445009171962738	0.404260665178299	0.469456046819687	0.444979548454285	0.419360786676407	0.406700372695923	0.502934455871582	0.59065854549408	0.517346382141113	0.513639807701111	0.578019320964813	0.697795569896698	0.363334268331528	0.426600694656372	0.311401575803757	0.336791127920151	0.412637621164322	0.39687505364418	0.417550891637802	0.425022214651108	0.513135731220245	0.521351635456085	0.552166163921356	0.556844651699066	0.767979264259338	0.583918452262878	0.281776368618011	0.350324809551239	0.370146363973618	0.378582268953323	0.16737562417984	0.220197230577469	0.372863799333572	0.3164963722229	0.283459484577179	0.270037353038788	0.2787204682827
0.178247720003128	0.149357810616493	0.184800148010254	0.258098870515823	0.203063100576401	0.250619024038315	0.267921090126038	0.427510231733322	0.300770670175552	0.369110584259033	0.204910919070244	0.492625176906586	1.129643201828	0.490807980298996	0.242092296481133	0.3751220703125	0.263266324996948	0.37585437297821	0.293398439884186	0.33846852183342	0.355666756629944	0.375210404396057	0.398525983095169	0.359888255596161	0.408512562513351	0.377822190523148	0.297743320465088	0.422662943601608	0.39388507604599	0.395807057619095	0.376517921686172	0.528672933578491	0.385223537683487	0.51960825920105	0.381437331438065	0.349540233612061	0.318914294242859	0.404200702905655	0.425382554531097	0.392546057701111	0.447489112615585	0.330414175987244	0.383838057518005	0.509006202220917	0.470449984073639	0.310248643159866	0.34522870182991	0.536404371261597	0.496034532785416	0.482980191707611	0.513881385326385	0.415821701288223	0.466580361127853	0.484839349985123	0.456654608249664	0.409288823604584	0.35533931851387	0.428740501403809	0.331476241350174	0.409048676490784	0.335442572832108	0.359929770231247	0.338764160871506	0.192944839596748	0.489934355020523	0.669000089168549	0.465798050165176	0.473240405321121	0.621641516685486	0.474853545427322	0.176623150706291	0.428081542253494	0.306389391422272	0.355542600154877	0.291375249624252	0.0568647384643555	0.187515318393707	0.140497043728828	0.378684192895889	0.368395030498505
0.167630210518837	0.179393649101257	0.199022948741913	0.208144560456276	0.22475691139698	0.224600687623024	0.233523890376091	0.326053887605667	0.329470545053482	0.271244674921036	0.276496022939682	0.219736412167549	0.490807980298996	1.03143465518951	0.499725937843323	0.229423373937607	0.346324294805527	0.338887155056	0.365954697132111	0.342999935150146	0.397832244634628	0.378343194723129	0.365063190460205	0.291753351688385	0.383492976427078	0.385520607233047	0.416882127523422	0.281938761472702	0.347010433673859	0.367393106222153	0.432854115962982	0.395437180995941	0.404982596635818	0.381078898906708	0.393587648868561	0.303633511066437	0.326062470674515	0.273087054491043	0.344875693321228	0.348418116569519	0.40475469827652	0.379388391971588	0.382323831319809	0.468603372573853	0.290600955486298	0.475733876228333	0.381787598133087	0.429447054862976	0.48317676782608	0.396212607622147	0.555500626564026	0.410603910684586	0.43231600522995	0.348423451185226	0.219395130872726	0.436917781829834	0.49996343255043	0.275940388441086	0.473497569561005	0.344229966402054	0.603334367275238	0.333691239356995	0.372739940881729	0.43449679017067	0.538020670413971	0.462979078292847	0.510062217712402	0.438747644424438	0.668891489505768	0.326367497444153	0.490957319736481	0.321122258901596	0.260231614112854	0.313776612281799	0.385682076215744	0.226066902279854	0.195462808012962	0.234802395105362	0.197366997599602	0.470301270484924
0.117321938276291	0.102987989783287	0.193462863564491	0.236744478344917	0.24200627207756	0.20914763212204	0.236728519201279	0.33454641699791	0.278506755828857	0.224120140075684	0.218136936426163	0.308190613985062	0.242092296481133	0.499725937843323	1.07051765918732	0.501520812511444	0.263251632452011	0.41867133975029	0.347124248743057	0.362174272537231	0.399965465068817	0.43001201748848	0.340676575899124	0.384079039096832	0.338451713323593	0.339202582836151	0.367842525243759	0.304904252290726	0.311126053333282	0.362085342407227	0.313563883304596	0.389724284410477	0.370404839515686	0.440783768892288	0.329057633876801	0.362819671630859	0.372496336698532	0.263627082109451	0.386437445878983	0.348361074924469	0.284737557172775	0.240548372268677	0.349839985370636	0.458765655755997	0.281924903392792	0.328429132699966	0.400013029575348	0.301724195480347	0.352210074663162	0.30052587389946	0.289646923542023	0.301865220069885	0.392440319061279	0.490293473005295	0.430735498666763	0.380478978157043	0.249217882752419	0.429170340299606	0.320945799350739	0.376952052116394	0.417432636022568	0.397186398506165	0.485978901386261	0.372364848852158	0.369163602590561	0.391687363386154	0.539234459400177	0.511788427829742	0.302834779024124	0.326314061880112	0.204067453742027	0.374581277370453	0.335122317075729	0.460130333900452	0.128552481532097	0.150686591863632	0.310562014579773	0.270881503820419	0.362013697624207	0.221282005310059
0.198404386639595	0.110228270292282	0.141184881329536	0.229288712143898	0.260070979595184	0.16423861682415	0.209897041320801	0.260411471128464	0.284931570291519	0.226549804210663	0.25630059838295	0.241696238517761	0.3751220703125	0.229423373937607	0.501520812511444	1.11002564430237	0.603608250617981	0.270423591136932	0.38220676779747	0.315218031406403	0.450247973203659	0.353837966918945	0.389060646295547	0.343038856983185	0.423002004623413	0.340743988752365	0.290869861841202	0.366060107946396	0.266681313514709	0.417756229639053	0.277826517820358	0.292765349149704	0.431134045124054	0.485507488250732	0.396214991807938	0.356999129056931	0.322013705968857	0.297595709562302	0.277393639087677	0.292899012565613	0.342849612236023	0.34209606051445	0.300884872674942	0.253284215927124	0.353041440248489	0.393770337104797	0.352428019046783	0.409636527299881	0.331322342157364	0.353383809328079	0.361678004264832	0.316480964422226	0.320647686719894	0.42365550994873	0.339801430702209	0.225184619426727	0.40920102596283	0.325804799795151	0.386447638273239	0.285576105117798	0.314141511917114	0.236624002456665	0.292581170797348	0.391653388738632	0.328548043966293	0.388904184103012	0.313448786735535	0.312956184148788	0.386089712381363	0.289818465709686	0.273017287254333	0.229169249534607	0.161406949162483	0.404372751712799	0.309577494859695	0.288029074668884	0.349014967679977	0.186593309044838	0.256410032510757	0.355813890695572
0.09223373234272	0.15743188560009	0.129732057452202	0.167251080274582	0.194941386580467	0.205097585916519	0.162868276238441	0.31985467672348	0.249030888080597	0.263760805130005	0.265530675649643	0.258509755134583	0.263266324996948	0.346324294805527	0.263251632452011	0.603608250617981	1.17094099521637	0.433464884757996	0.234520107507706	0.349708497524261	0.328900516033173	0.41267117857933	0.34865927696228	0.421206027269363	0.266777127981186	0.271707206964493	0.374270439147949	0.341628104448318	0.282597422599792	0.344103336334229	0.354216396808624	0.284426540136337	0.420596837997437	0.456418573856354	0.348104566335678	0.2229965031147	0.287647575139999	0.442486107349396	0.439386188983917	0.291375815868378	0.322668224573135	0.236675009131432	0.288285225629807	0.340155512094498	0.273382067680359	0.341177701950073	0.308614641427994	0.354924768209457	0.168314427137375	0.206342250108719	0.259271085262299	0.425027400255203	0.364653676748276	0.333528637886047	0.451704412698746	0.25921568274498	0.34729591012001	0.345433533191681	0.42656746506691	0.383522838354111	0.352744460105896	0.3911152780056	0.488903820514679	0.239082917571068	0.445199549198151	0.439823418855667	0.516765654087067	0.476332902908325	0.382308572530746	0.505986332893372	0.386746972799301	0.307769536972046	0.350443720817566	0.223614692687988	0.196347132325172	0.309453696012497	0.382666647434235	0.306277841329575	0.26266422867775	0.217204868793488
0.151961222290993	0.101815387606621	0.190351858735085	0.210322260856628	0.21113595366478	0.160275831818581	0.334324479103088	0.287068992853165	0.328469663858414	0.275833338499069	0.315106272697449	0.292574018239975	0.37585437297821	0.338887155056	0.41867133975029	0.270423591136932	0.433464884757996	1.07246994972229	0.604876041412354	0.300034910440445	0.446512520313263	0.358052253723145	0.371907532215118	0.335955888032913	0.236293643712997	0.325169950723648	0.281569123268127	0.217902585864067	0.291433334350586	0.320654511451721	0.294532924890518	0.281387537717819	0.396190196275711	0.341165542602539	0.393974870443344	0.311345219612122	0.260441094636917	0.335249662399292	0.291448980569839	0.211998701095581	0.286932438611984	0.293400168418884	0.38909575343132	0.28481736779213	0.375707358121872	0.310113728046417	0.30413606762886	0.384864896535873	0.304789572954178	0.164056539535522	0.293435662984848	0.390731692314148	0.346810638904572	0.336241096258163	0.233703434467316	0.315279275178909	0.336908251047134	0.310600012540817	0.335844844579697	0.38409087061882	0.175484031438828	0.320286244153976	0.297587871551514	0.308951795101166	0.591840505599976	0.389645636081696	0.46417510509491	0.32873746752739	0.441516309976578	0.357938438653946	0.159166991710663	0.312320828437805	0.317297756671906	0.180361345410347	0.453510403633118	0.283545970916748	0.18561053276062	0.377329140901566	0.276041895151138	0.321446061134338
0.110367715358734	0.134223893284798	0.167495667934418	0.233930751681328	0.178903251886368	0.223515868186951	0.251365929841995	0.22919650375843	0.313115000724792	0.297564685344696	0.220529422163963	0.303406894207001	0.293398439884186	0.365954697132111	0.347124248743057	0.38220676779747	0.234520107507706	0.604876041412354	1.08412098884583	0.608957409858704	0.286784410476685	0.408847570419312	0.287490159273148	0.284667760133743	0.199539929628372	0.236167266964912	0.228633359074593	0.203296974301338	0.186349272727966	0.318056970834732	0.279417634010315	0.19094605743885	0.293177366256714	0.325217366218567	0.245699092745781	0.253508985042572	0.295103222131729	0.311383724212646	0.21343719959259	0.286292165517807	0.279739946126938	0.271915823221207	0.244807988405228	0.347863554954529	0.264660567045212	0.32517883181572	0.220713183283806	0.224200740456581	0.338296413421631	0.27668559551239	0.264522582292557	0.361824572086334	0.296464681625366	0.297628611326218	0.250377357006073	0.475856840610504	0.352330654859543	0.255706042051315	0.335997253656387	0.351490676403046	0.404103696346283	0.290775328874588	0.324990630149841	0.462800651788712	0.333688706159592	0.371431231498718	0.320454895496368	0.247397571802139	0.208964198827744	0.568677008152008	0.410955220460892	0.314261108636856	0.435052424669266	0.305653601884842	0.218060567975044	0.337864130735397	0.204257130622864	0.310641765594482	0.269912093877792	0.178744822740555
0.21629610657692	0.129950642585754	0.242952927947044	0.247034430503845	0.264433950185776	0.230826526880264	0.196664273738861	0.378587961196899	0.357051402330399	0.273686647415161	0.23951081931591	0.310796290636063	0.33846852183342	0.342999935150146	0.362174272537231	0.315218031406403	0.349708497524261	0.300034910440445	0.608957409858704	1.16826868057251	0.44630891084671	0.208186969161034	0.352560728788376	0.228226855397224	0.234216541051865	0.180398270487785	0.193367078900337	0.208705902099609	0.283175498247147	0.222264140844345	0.245573729276657	0.239699676632881	0.347347557544708	0.25207707285881	0.286245167255402	0.291691839694977	0.205400958657265	0.235022142529488	0.261746615171432	0.365401327610016	0.200116187334061	0.187574744224548	0.283062547445297	0.235455974936485	0.144250616431236	0.25863853096962	0.197796896100044	0.245908170938492	0.16594660282135	0.329806834459305	0.359151244163513	0.407272726297379	0.363566547632217	0.288493275642395	0.193924933671951	0.334286868572235	0.160485833883286	0.419030398130417	0.292420446872711	0.442661434412003	0.304965287446976	0.331315547227859	0.419525355100632	0.298659920692444	0.498175799846649	0.282653838396072	0.455037236213684	0.366211146116257	0.216836363077164	0.346252709627151	0.352779626846313	0.346115797758102	0.431898981332779	0.292037457227707	0.473121374845505	0.241147205233574	0.364347219467163	0.511324763298035	0.331004023551941	0.387742817401886
0.104161858558655	0.220461770892143	0.137998819351196	0.19915883243084	0.246946766972542	0.27793887257576	0.331279814243317	0.397232592105865	0.329562187194824	0.26969575881958	0.304358214139938	0.378396660089493	0.355666756629944	0.397832244634628	0.399965465068817	0.450247973203659	0.328900516033173	0.446512520313263	0.286784410476685	0.44630891084671	1.05714058876038	0.558029055595398	0.203728407621384	0.310002088546753	0.199839353561401	0.282400131225586	0.247599720954895	0.23786573112011	0.239532738924026	0.296062678098679	0.232201009988785	0.30974343419075	0.294213593006134	0.372271627187729	0.254973709583282	0.333338111639023	0.185221895575523	0.260313481092453	0.273955017328262	0.213012158870697	0.235888689756393	0.290204674005508	0.344406068325043	0.312952816486359	0.329420477151871	0.249105468392372	0.250366747379303	0.302634418010712	0.287034004926682	0.446475595235825	0.39843824505806	0.400978118181229	0.264454275369644	0.319538742303848	0.289816498756409	0.300501137971878	0.276075392961502	0.21773687005043	0.350710391998291	0.352008372545242	0.34688475728035	0.366969227790833	0.287824720144272	0.34305128455162	0.443611413240433	0.431342214345932	0.450489521026611	0.327342540025711	0.416121542453766	0.255675882101059	0.373082220554352	0.255574822425842	0.26676082611084	0.182467088103294	0.393260031938553	0.375915229320526	0.277280271053314	0.265694946050644	0.362777501344681	0.330360621213913
0.235545784235001	0.178157597780228	0.183806478977203	0.195929944515228	0.232201054692268	0.256661623716354	0.263532370328903	0.370854020118713	0.223282665014267	0.274799078702927	0.44779846072197	0.357474505901337	0.375210404396057	0.378343194723129	0.43001201748848	0.353837966918945	0.41267117857933	0.358052253723145	0.408847570419312	0.208186969161034	0.558029055595398	1.01176011562347	0.44743686914444	0.235010534524918	0.337478488683701	0.234954565763474	0.309981524944305	0.22983555495739	0.311069995164871	0.237672314047813	0.296380966901779	0.252246201038361	0.346794217824936	0.396627843379974	0.421914130449295	0.285591602325439	0.317023813724518	0.332936555147171	0.355772614479065	0.236526131629944	0.299749702215195	0.314412295818329	0.323383390903473	0.305363684892654	0.341299951076508	0.311088651418686	0.272697746753693	0.376851081848145	0.214378610253334	0.341737180948257	0.355860501527786	0.425313740968704	0.24195508658886	0.309184312820435	0.376371175050735	0.447690218687057	0.366477429866791	0.401652038097382	0.271414935588837	0.412034183740616	0.232507392764091	0.31574621796608	0.454570233821869	0.32236847281456	0.524593830108643	0.511736810207367	0.538154304027557	0.442489445209503	0.392805188894272	0.428680270910263	0.328956961631775	0.413448750972748	0.309924334287643	0.171276450157166	0.285557448863983	0.268632978200912	0.213184773921967	0.192068368196487	0.233488738536835	0.135946810245514
0.132345795631409	0.198790550231934	0.226892277598381	0.135204821825027	0.259653955698013	0.280986785888672	0.267997264862061	0.469680905342102	0.298519849777222	0.316036880016327	0.38462245464325	0.392939239740372	0.398525983095169	0.365063190460205	0.340676575899124	0.389060646295547	0.34865927696228	0.371907532215118	0.287490159273148	0.352560728788376	0.203728407621384	0.44743686914444	1.05123293399811	0.462493270635605	0.245135635137558	0.335824102163315	0.284602999687195	0.325513452291489	0.315758466720581	0.328301131725311	0.352167725563049	0.345327526330948	0.500518620014191	0.503521978855133	0.358543217182159	0.390464812517166	0.379476100206375	0.318262696266174	0.342553317546844	0.332502156496048	0.313816487789154	0.29067200422287	0.327117919921875	0.223711609840393	0.38322988152504	0.346822112798691	0.367730796337128	0.304644167423248	0.279910773038864	0.326225459575653	0.397537708282471	0.261135876178741	0.408040970563889	0.422534286975861	0.386633276939392	0.415148377418518	0.381403744220734	0.384976208209991	0.248033627867699	0.349675208330154	0.267186373472214	0.329269111156464	0.419665038585663	0.39058792591095	0.417999446392059	0.460593909025192	0.630327939987183	0.320444792509079	0.452840834856033	0.310444384813309	0.380581945180893	0.368920743465424	0.40180978178978	0.186054110527039	0.196040019392967	0.404045283794403	0.240566208958626	0.304935276508331	0.264953792095184	0.369190573692322
0.185398384928703	0.157065257430077	0.18070513010025	0.146885618567467	0.229372709989548	0.280388951301575	0.277422338724136	0.4927898645401	0.400592595338821	0.226396545767784	0.263445138931274	0.356892555952072	0.359888255596161	0.291753351688385	0.384079039096832	0.343038856983185	0.421206027269363	0.335955888032913	0.284667760133743	0.228226855397224	0.310002088546753	0.235010534524918	0.462493270635605	1.03326821327209	0.492150694131851	0.23647852241993	0.357518076896667	0.273119032382965	0.302125096321106	0.27387073636055	0.324813365936279	0.320431143045425	0.418368428945541	0.414024978876114	0.343228280544281	0.305345386266708	0.263846576213837	0.347286313772202	0.218326598405838	0.304786503314972	0.387900441884995	0.257543236017227	0.318419337272644	0.316326051950455	0.371799856424332	0.289839059114456	0.417255818843842	0.269622504711151	0.366219699382782	0.376048177480698	0.327590733766556	0.392590552568436	0.45933598279953	0.491180539131165	0.390226811170578	0.363957285881042	0.342533022165298	0.305598944425583	0.25149792432785	0.32214230298996	0.430028855800629	0.433547765016556	0.392793715000153	0.340290069580078	0.274485349655151	0.427512973546982	0.538216233253479	0.358246952295303	0.542855978012085	0.415645092725754	0.441025793552399	0.318827927112579	0.279374986886978	0.370544850826263	0.302899986505508	0.098635733127594	0.257328748703003	0.160504475235939	0.153516814112663	0.221331432461739
0.201814547181129	0.147631347179413	0.189095079898834	0.268730580806732	0.336873352527618	0.239236235618591	0.264837652444839	0.382122278213501	0.324186950922012	0.339465975761414	0.264391601085663	0.405608057975769	0.408512562513351	0.383492976427078	0.338451713323593	0.423002004623413	0.266777127981186	0.236293643712997	0.199539929628372	0.234216541051865	0.199839353561401	0.337478488683701	0.245135635137558	0.492150694131851	1.0646744966507	0.483752429485321	0.256680071353912	0.35527977347374	0.319359004497528	0.324376106262207	0.298419594764709	0.324077993631363	0.287580251693726	0.373961210250854	0.283041507005692	0.313101261854172	0.246111616492271	0.377653867006302	0.27238655090332	0.310986071825027	0.345689028501511	0.280347466468811	0.258408546447754	0.308089435100555	0.415263712406158	0.366083592176437	0.330043286085129	0.343188792467117	0.242036864161491	0.309995889663696	0.3189976811409	0.365171670913696	0.356948852539062	0.432829916477203	0.320311069488525	0.343629002571106	0.377521812915802	0.306016832590103	0.266167938709259	0.324426144361496	0.272568166255951	0.342521965503693	0.325479835271835	0.365052729845047	0.404624789953232	0.391794890165329	0.598042130470276	0.299903988838196	0.384585559368134	0.34472268819809	0.25300669670105	0.358994543552399	0.273699074983597	0.21768356859684	0.222995772957802	0.28248393535614	0.161222860217094	0.188582763075829	0.166782811284065	0.219417735934258
0.197238489985466	0.172685503959656	0.142433434724808	0.153023704886436	0.270694404840469	0.201189592480659	0.327244162559509	0.350565761327744	0.397781163454056	0.329751640558243	0.339746564626694	0.362392663955688	0.377822190523148	0.385520607233047	0.339202582836151	0.340743988752365	0.271707206964493	0.325169950723648	0.236167266964912	0.180398270487785	0.282400131225586	0.234954565763474	0.335824102163315	0.23647852241993	0.483752429485321	1.11694073677063	0.48646479845047	0.265139669179916	0.336114257574081	0.313875585794449	0.304977744817734	0.274595141410828	0.329386830329895	0.311280757188797	0.249720349907875	0.256301134824753	0.247497454285622	0.300960451364517	0.302346050739288	0.218639060854912	0.323125034570694	0.315494298934937	0.260499775409698	0.279217839241028	0.411098003387451	0.261834263801575	0.280078500509262	0.332070618867874	0.275646895170212	0.399458080530167	0.381220459938049	0.424558073282242	0.448993742465973	0.338840186595917	0.355079680681229	0.242264375090599	0.351624846458435	0.27478563785553	0.335757374763489	0.299745589494705	0.296122312545776	0.244498461484909	0.335926085710526	0.341636598110199	0.431531548500061	0.501266658306122	0.308618128299713	0.348136365413666	0.492191731929779	0.471960484981537	0.361560374498367	0.337213158607483	0.363192975521088	0.374667644500732	0.213713333010674	0.192719548940659	0.221863076090813	0.230638906359673	0.325145184993744	0.120640628039837
0.257521659135818	0.227771177887917	0.257491677999496	0.185260087251663	0.209397971630096	0.251779824495316	0.36622428894043	0.503055572509766	0.260160446166992	0.328508764505386	0.338737845420837	0.318003326654434	0.297743320465088	0.416882127523422	0.367842525243759	0.290869861841202	0.374270439147949	0.281569123268127	0.228633359074593	0.193367078900337	0.247599720954895	0.309981524944305	0.284602999687195	0.357518076896667	0.256680071353912	0.48646479845047	1.18998301029205	0.520634889602661	0.212223038077354	0.314975798130035	0.242850884795189	0.273591846227646	0.28053680062294	0.311479032039642	0.290731370449066	0.338760912418365	0.197536364197731	0.302210241556168	0.279137313365936	0.212952330708504	0.291608393192291	0.256139755249023	0.200261935591698	0.298273772001266	0.268956214189529	0.323407500982285	0.293669998645782	0.345637887716293	0.241552069783211	0.309372097253799	0.368622452020645	0.246485382318497	0.343332529067993	0.340673118829727	0.257363736629486	0.235271200537682	0.293150156736374	0.280776530504227	0.287794709205627	0.292358785867691	0.41368693113327	0.343664318323135	0.258764147758484	0.324402183294296	0.363562881946564	0.362234354019165	0.411210864782333	0.210201978683472	0.315172106027603	0.412503242492676	0.248413354158401	0.376601070165634	0.266613632440567	0.381178826093674	0.284493237733841	0.16012279689312	0.18857704102993	0.147827669978142	0.290531009435654	0.335072547197342
