0.926135301589966	0.375948995351791	0.207769006490707	0.230164095759392	0.210414677858353	0.393910348415375	0.224020972847939	0.226098403334618	0.266867965459824	0.253885567188263	0.301469296216965	0.219482928514481	0.35231152176857	0.446676254272461	0.23255942761898	0.297349274158478	0.324197351932526	0.380853325128555	0.235121920704842	0.467116236686707	0.311046004295349	0.494323253631592	0.392849028110504	0.359856635332108	0.410905957221985	0.409112691879272	0.382563948631287	0.529880166053772	0.445206671953201	0.22973108291626	0.553263664245605	0.508255064487457	0.517346441745758	0.280149608850479	0.406075417995453	0.34957617521286	0.359523564577103	0.572567164897919	0.326482445001602	0.373365521430969	0.377797603607178	0.374388664960861	0.206656962633133	0.474928826093674	0.276350170373917	0.223811656236649	0.212223708629608	0.522065997123718	0.396919369697571	0.183791637420654	0.487927466630936	0.259232044219971	0.508217513561249	0.352363377809525	0.256631761789322	0.155609011650085	0.232657849788666	0.415042519569397	0.348033547401428	0.328446269035339	0.437070518732071	0.517445385456085	0.724495947360992	0.385617792606354	0.336426854133606	0.464934229850769	0.403825461864471	0.415721386671066	0.293891459703445	0.289322942495346	0.37266331911087	0.494629710912704	0.568202614784241	0.656670570373535	0.398816764354706	0.939657509326935	0.714070856571198	0.774400174617767	0.295955836772919	0.266153991222382
0.375948995351791	1.18977928161621	0.426732033491135	0.206437274813652	0.352968752384186	0.23650860786438	0.296765744686127	0.245823502540588	0.249547868967056	0.234230875968933	0.387617349624634	0.264864325523376	0.425534427165985	0.290260970592499	0.375128835439682	0.291070967912674	0.269250810146332	0.293570339679718	0.583027422428131	0.212172105908394	0.196329608559608	0.217910677194595	0.316031277179718	0.394343465566635	0.456282168626785	0.435402780771255	0.378778249025345	0.518720865249634	0.234175562858582	0.42457976937294	0.261911541223526	0.273925870656967	0.256113499403	0.398146778345108	0.361464768648148	0.610702872276306	0.491677850484848	0.438511312007904	0.343454927206039	0.164151564240456	0.3576939702034	0.373351097106934	0.304360300302505	0.232103511691093	0.387621998786926	0.416435271501541	0.279070466756821	0.0580624006688595	0.603133022785187	0.27636930346489	0.513292849063873	0.208306014537811	0.356425106525421	0.451799839735031	0.337466269731522	0.209294661879539	0.0611882023513317	0.242015063762665	0.366126418113708	0.326354891061783	0.613056004047394	0.324047327041626	0.508106350898743	0.451253265142441	0.283133059740067	0.271442949771881	0.354015588760376	0.510403215885162	0.463754534721375	0.658058404922485	0.470443844795227	0.643696129322052	0.298870593309402	0.886374771595001	0.314662218093872	0.397082924842834	0.751192510128021	0.294118672609329	0.311341375112534	0.652789235115051
0.207769006490707	0.426732033491135	0.969283044338226	0.343392878770828	0.181049019098282	0.309443593025208	0.236932098865509	0.311957895755768	0.265453338623047	0.329924732446671	0.325015634298325	0.287266463041306	0.256176054477692	0.314811140298843	0.301792651414871	0.300656795501709	0.212482050061226	0.439695864915848	0.284151941537857	0.292212784290314	0.466181963682175	0.250096827745438	0.303981572389603	0.448063403367996	0.302324324846268	0.331388801336288	0.287749290466309	0.401852965354919	0.257247895002365	0.263137489557266	0.253486663103104	0.308669567108154	0.400439321994781	0.452384859323502	0.449381053447723	0.27598163485527	0.25545135140419	0.54354339838028	0.335760563611984	0.423893928527832	0.154413297772408	0.428496330976486	0.425742477178574	0.335646331310272	0.372009336948395	0.351940721273422	0.333718866109848	0.239898279309273	0.27358689904213	0.285470962524414	0.252621442079544	0.161374613642693	0.351522922515869	0.311119318008423	0.198268949985504	0.432374715805054	0.363635122776031	0.624963402748108	0.24456250667572	0.404523283243179	0.598119795322418	0.736382246017456	0.687358915805817	0.732465505599976	0.348561435937881	0.350477993488312	0.42617791891098	0.439343631267548	0.388238787651062	0.528679132461548	0.466948658227921	0.221631661057472	0.49505153298378	0.343337178230286	0.312779247760773	0.164064034819603	0.498706609010696	0.607609748840332	0.309617131948471	0.963267922401428
0.230164095759392	0.206437274813652	0.343392878770828	1.15282416343689	0.45007535815239	0.192496821284294	0.296907186508179	0.334479302167892	0.291156500577927	0.225855872035027	0.293020755052567	0.294974535703659	0.289090007543564	0.225912272930145	0.388691186904907	0.350484281778336	0.303135931491852	0.302973061800003	0.309998959302902	0.379177391529083	0.250607967376709	0.185436978936195	0.313208311796188	0.42990306019783	0.407347172498703	0.503032684326172	0.410515397787094	0.249859347939491	0.331320136785507	0.420497715473175	0.377261072397232	0.347660183906555	0.507807791233063	0.31576943397522	0.231510534882545	0.192078813910484	0.451208680868149	0.392357766628265	0.148265093564987	0.28935369849205	0.517075657844543	0.166064411401749	0.307065516710281	0.608832895755768	0.239563077688217	0.336921572685242	0.515772342681885	0.298082590103149	0.375854790210724	0.373154640197754	0.364404946565628	0.105631358921528	0.181096345186234	0.510123074054718	0.204287007451057	0.475116103887558	0.437117964029312	0.308734625577927	0.314982146024704	0.606455266475677	0.539240181446075	0.52119767665863	0.643838405609131	0.196045026183128	0.287313044071198	0.344312936067581	0.146371245384216	0.527578115463257	0.640036761760712	0.30273312330246	0.160373970866203	0.365725934505463	0.510077774524689	0.567285776138306	0.644546031951904	0.162674888968468	0.342562556266785	0.30178228020668	0.42535325884819	0.28666216135025
0.210414677858353	0.352968752384186	0.181049019098282	0.45007535815239	1.09284055233002	0.353630036115646	0.187864810228348	0.380157738924026	0.344658970832825	0.356255054473877	0.155851349234581	0.269372463226318	0.349409013986588	0.482664078474045	0.347028195858002	0.348554879426956	0.234798908233643	0.21436733007431	0.393871635198593	0.339828163385391	0.218346834182739	0.336759954690933	0.31485903263092	0.283897757530212	0.231551095843315	0.332190781831741	0.310633778572083	0.583396971225739	0.342342048883438	0.290909856557846	0.588504910469055	0.386548697948456	0.308598458766937	0.327684670686722	0.479544281959534	0.398653417825699	0.221398532390594	0.316682308912277	0.526983618736267	0.343168199062347	0.23438823223114	0.301578670740128	0.171223133802414	0.194402024149895	0.188530132174492	0.388483285903931	0.221021637320518	0.494928687810898	0.376287281513214	0.338830858469009	0.462612062692642	0.438468962907791	0.358169466257095	0.42349761724472	0.472298711538315	0.273913413286209	0.307154983282089	0.320384413003922	0.188060656189919	0.489486038684845	0.155087992548943	0.608472645282745	0.378643065690994	0.474699348211288	0.638966262340546	0.142922088503838	0.434479802846909	0.364990472793579	0.564435303211212	0.471234709024429	0.323720157146454	0.607241928577423	0.508641302585602	0.235476672649384	0.536296546459198	0.337626546621323	0.684190452098846	0.313169747591019	0.212774083018303	0.198319360613823
0.393910348415375	0.23650860786438	0.309443593025208	0.192496821284294	0.353630036115646	1.08298432826996	0.400018125772476	0.180075287818909	0.331353753805161	0.198893994092941	0.319475501775742	0.283013015985489	0.268591552972794	0.294115513563156	0.426818281412125	0.240539774298668	0.316288083791733	0.269887417554855	0.318341106176376	0.221624046564102	0.366204500198364	0.329037994146347	0.296366810798645	0.400623381137848	0.386501014232635	0.252346992492676	0.292389720678329	0.240249246358871	0.492141783237457	0.393270343542099	0.295435190200806	0.316009789705276	0.352441698312759	0.505750060081482	0.533631324768066	0.326230376958847	0.421421855688095	0.187926158308983	0.378788828849792	0.246414348483086	0.377509117126465	0.429854810237885	0.26323926448822	0.240893810987473	0.331253856420517	0.226467251777649	0.388342559337616	0.302989333868027	0.330574810504913	0.246149972081184	0.451569527387619	0.412328869104385	0.576873004436493	0.265904277563095	0.355647802352905	0.597379088401794	0.161904543638229	0.426916062831879	0.385500490665436	0.412349283695221	0.20437116920948	0.460910528898239	0.388085126876831	0.450170069932938	0.498971343040466	0.478369623422623	0.508930563926697	0.764325380325317	0.283352017402649	0.469082653522491	0.710984230041504	0.194564253091812	0.446850031614304	0.298179984092712	0.376916527748108	0.285386234521866	0.37567064166069	0.353012293577194	0.373851329088211	0.419921666383743
0.224020972847939	0.296765744686127	0.236932098865509	0.296907186508179	0.187864810228348	0.400018125772476	1.01156914234161	0.384988456964493	0.172361940145493	0.303606450557709	0.223042175173759	0.323711395263672	0.243570879101753	0.311034709215164	0.192665219306946	0.270217299461365	0.279109477996826	0.212230086326599	0.438687801361084	0.245077669620514	0.326387405395508	0.251133918762207	0.213456034660339	0.359141379594803	0.259003698825836	0.32055190205574	0.385393112897873	0.18892365694046	0.423291027545929	0.491168320178986	0.315436154603958	0.546698033809662	0.535646319389343	0.318163394927979	0.496651262044907	0.461765199899673	0.178089365363121	0.266001462936401	0.281684368848801	0.207612499594688	0.340324759483337	0.338022887706757	0.377831786870956	0.331503421068192	0.367417544126511	0.228967681527138	0.21711277961731	0.357390433549881	0.226432412862778	0.193563789129257	0.359709292650223	0.486361652612686	0.529721677303314	0.313646793365479	0.399759292602539	0.216811463236809	0.425465732812881	0.503567934036255	0.246322095394135	0.555869340896606	0.385264247655869	0.271833002567291	0.380604296922684	0.331873208284378	0.208467453718185	0.352662414312363	0.428834170103073	0.901558399200439	0.318675339221954	0.237130910158157	0.325799703598022	0.305997103452682	0.922719478607178	0.703435122966766	0.747632145881653	0.336626708507538	0.341082245111465	0.520493626594543	0.424361169338226	0.990635395050049
0.226098403334618	0.245823502540588	0.311957895755768	0.334479302167892	0.380157738924026	0.180075287818909	0.384988456964493	1.02732062339783	0.398433893918991	0.211734622716904	0.307673960924149	0.265950918197632	0.326658993959427	0.207219928503036	0.232549324631691	0.227528870105743	0.303199768066406	0.183658704161644	0.270634174346924	0.471028119325638	0.248044908046722	0.340089648962021	0.257644087076187	0.222898349165916	0.243149444460869	0.29831525683403	0.241201490163803	0.235939487814903	0.364941120147705	0.267608165740967	0.317279487848282	0.470600485801697	0.502858102321625	0.357361793518066	0.274754464626312	0.232101961970329	0.34392973780632	0.365531384944916	0.302219152450562	0.28437265753746	0.334706574678421	0.476396530866623	0.168906554579735	0.288528203964233	0.258695244789124	0.288753241300583	0.262057840824127	0.272614061832428	0.473731696605682	0.325612008571625	0.206749334931374	0.461469948291779	0.426253765821457	0.16009296476841	0.482514500617981	0.498754531145096	0.14672639966011	0.435255467891693	0.198209226131439	0.26501727104187	0.372014969587326	0.419495612382889	0.408350348472595	0.414467602968216	0.279580891132355	0.375252455472946	0.460096150636673	0.414590775966644	0.384645104408264	0.42451399564743	0.13108141720295	0.239140421152115	0.742489278316498	0.275254487991333	0.343771934509277	0.26029047369957	0.343075424432755	0.564170300960541	0.341472804546356	0.460263699293137
0.266867965459824	0.249547868967056	0.265453338623047	0.291156500577927	0.344658970832825	0.331353753805161	0.172361940145493	0.398433893918991	1.06282305717468	0.390109926462173	0.194216787815094	0.354850977659225	0.279932975769043	0.280820250511169	0.273549437522888	0.3115254342556	0.19972363114357	0.336002260446548	0.179233461618423	0.361375898122787	0.354782402515411	0.267609238624573	0.339564621448517	0.345306813716888	0.225309759378433	0.176053434610367	0.32925745844841	0.389877051115036	0.240667834877968	0.364456981420517	0.304278165102005	0.384547978639603	0.434918344020844	0.562400698661804	0.301779597997665	0.171221315860748	0.0950904861092567	0.313776910305023	0.124603696167469	0.186472281813622	0.373597949743271	0.337379634380341	0.372457057237625	0.212846860289574	0.28898498415947	0.272656500339508	0.19390469789505	0.160885632038116	0.407730221748352	0.42702853679657	0.0906935557723045	0.198065921664238	0.539309620857239	0.283440887928009	0.301050245761871	0.441516667604446	0.220043674111366	0.456657618284225	0.502595484256744	0.875853002071381	0.624383747577667	0.557030439376831	0.635490953922272	0.428053081035614	0.384118884801865	0.569464921951294	0.256468176841736	0.489348918199539	0.36035618185997	0.429481267929077	0.221277862787247	0.564523458480835	0.567431032657623	0.108295924961567	0.197314605116844	0.384031862020493	0.389114797115326	0.285385847091675	0.484742850065231	0.452714562416077
0.253885567188263	0.234230875968933	0.329924732446671	0.225855872035027	0.356255054473877	0.198893994092941	0.303606450557709	0.211734622716904	0.390109926462173	1.17871677875519	0.325682908296585	0.172225162386894	0.311562448740005	0.158114612102509	0.261427611112595	0.289400964975357	0.272676080465317	0.185815617442131	0.31811198592186	0.281621992588043	0.363279521465302	0.350619286298752	0.164698705077171	0.385903716087341	0.211480483412743	0.421952158212662	0.337143212556839	0.256501913070679	0.273813217878342	0.370679765939713	0.311565667390823	0.389662086963654	0.288157790899277	0.390948563814163	0.477556735277176	0.261037409305573	0.2271918207407	0.263412415981293	0.170117318630219	0.32014325261116	0.347768843173981	0.290393203496933	0.114413253962994	0.244302600622177	0.211361587047577	0.165143877267838	0.347460299730301	0.361456751823425	0.292246848344803	0.414496213197708	0.417895555496216	0.23554390668869	0.44178095459938	0.233331605792046	0.369912534952164	0.286772072315216	0.281642198562622	0.334190189838409	0.514632761478424	0.489311248064041	0.497262835502625	0.240312412381172	0.473244458436966	0.4202920794487	0.458871752023697	0.0628465265035629	0.131305307149887	0.473274737596512	0.368986815214157	0.209433972835541	0.604206740856171	0.344466835260391	0.581021130084991	0.323092848062515	0.505100846290588	0.305953860282898	0.637494683265686	0.18720144033432	0.297811537981033	0.446015149354935
0.301469296216965	0.387617349624634	0.325015634298325	0.293020755052567	0.155851349234581	0.319475501775742	0.223042175173759	0.307673960924149	0.194216787815094	0.325682908296585	1.07354259490967	0.366134941577911	0.184664756059647	0.322475850582123	0.220481276512146	0.323971420526505	0.225876942276955	0.205932110548019	0.227023810148239	0.350558966398239	0.200801879167557	0.242860957980156	0.287617802619934	0.150785282254219	0.250437408685684	0.321921199560165	0.332718074321747	0.307960212230682	0.295713067054749	0.235359773039818	0.309174180030823	0.340931951999664	0.362907499074936	0.481414318084717	0.352258592844009	0.301351547241211	0.306827366352081	0.417042285203934	0.294420123100281	0.262816399335861	0.179506942629814	0.201144590973854	0.199851885437965	0.263230085372925	0.291747689247131	0.244029939174652	0.303706169128418	0.381512612104416	0.362573325634003	0.267965734004974	0.447160512208939	0.261044025421143	0.236930474638939	0.430987000465393	0.659178674221039	0.220707073807716	0.296989947557449	0.308641523122787	0.251621901988983	0.451903641223907	0.250565767288208	0.33291095495224	0.258956670761108	0.388160973787308	0.174160599708557	0.290209710597992	0.294076889753342	0.291395395994186	0.51500004529953	0.451319962739944	0.531496286392212	0.254506021738052	0.341089129447937	0.397856771945953	0.362446457147598	0.63576865196228	0.35787969827652	0.605114936828613	0.440494060516357	0.329533994197845
0.219482928514481	0.264864325523376	0.287266463041306	0.294974535703659	0.269372463226318	0.283013015985489	0.323711395263672	0.265950918197632	0.354850977659225	0.172225162386894	0.366134941577911	1.11917400360107	0.392267614603043	0.159512504935265	0.296921640634537	0.201060950756073	0.330126494169235	0.223679780960083	0.234631910920143	0.234811350703239	0.297146946191788	0.3141048848629	0.273077756166458	0.276856243610382	0.352950155735016	0.269439399242401	0.321539103984833	0.244630143046379	0.179526850581169	0.390596568584442	0.302106082439423	0.556804120540619	0.409166574478149	0.413451194763184	0.291250884532928	0.215282782912254	0.314489126205444	0.182313650846481	0.165974631905556	0.208231419324875	0.269851118326187	0.140831559896469	0.262881010770798	0.320754617452621	0.246702119708061	0.22488272190094	0.293502002954483	0.559762179851532	0.20439487695694	0.284097135066986	0.229163229465485	0.278999090194702	0.160278901457787	0.316038280725479	0.247734278440475	0.336094915866852	0.223231092095375	0.165550574660301	0.397173851728439	0.182072415947914	0.282504886388779	0.358381420373917	0.467144548892975	0.592678189277649	0.327267467975616	0.188253074884415	0.331562250852585	0.318687349557877	0.435484558343887	0.0686604380607605	0.224716886878014	0.546620965003967	0.384567052125931	0.320773720741272	0.51080846786499	0.232058346271515	0.161399155855179	0.379161149263382	0.397314339876175	0.714041650295258
0.35231152176857	0.425534427165985	0.256176054477692	0.289090007543564	0.349409013986588	0.268591552972794	0.243570879101753	0.326658993959427	0.279932975769043	0.311562448740005	0.184664756059647	0.392267614603043	1.09291887283325	0.446660965681076	0.186139926314354	0.318113654851913	0.209097638726234	0.364550918340683	0.197152838110924	0.323615193367004	0.316898137331009	0.140054896473885	0.261893063783646	0.283926367759705	0.197341680526733	0.285330563783646	0.252771615982056	0.261785060167313	0.481800585985184	0.406376659870148	0.44739705324173	0.266004651784897	0.318544447422028	0.170171067118645	0.132818043231964	0.383966088294983	0.330016940832138	0.357680648565292	0.344335198402405	0.340440541505814	0.197294130921364	0.282576531171799	0.155978038907051	0.250284850597382	0.242724999785423	0.34378969669342	0.244492396712303	0.272279977798462	0.207010626792908	0.14477127790451	0.4996377825737	0.373205155134201	0.496805310249329	0.322095930576324	0.410528182983398	0.513805449008942	0.192053288221359	0.098422184586525	0.144430726766586	0.324733972549438	0.240072503685951	0.319594353437424	0.298317909240723	0.422826826572418	0.332000374794006	0.335757464170456	0.623757898807526	0.213147222995758	0.376707494258881	0.734752953052521	0.252373546361923	0.609326243400574	0.326647758483887	0.190704569220543	0.521194100379944	0.344905018806458	0.489258110523224	0.50718766450882	0.172296985983849	0.397976249456406
0.446676254272461	0.290260970592499	0.314811140298843	0.225912272930145	0.482664078474045	0.294115513563156	0.311034709215164	0.207219928503036	0.280820250511169	0.158114612102509	0.322475850582123	0.159512504935265	0.446660965681076	1.03982281684875	0.402683138847351	0.233194500207901	0.328450620174408	0.289248526096344	0.248528972268105	0.320927798748016	0.18985977768898	0.260313123464584	0.221513211727142	0.179662555456161	0.23844949901104	0.24175925552845	0.237553492188454	0.223657160997391	0.332212805747986	0.149913117289543	0.394182652235031	0.37103807926178	0.179619893431664	0.335078358650208	0.257444828748703	0.24466435611248	0.187878280878067	0.280068695545197	0.182027518749237	0.274045646190643	0.238392040133476	0.248827040195465	0.263857275247574	0.246489763259888	0.183304071426392	0.315087527036667	0.258494287729263	0.31372481584549	0.255343645811081	0.434587359428406	0.446982234716415	0.412262827157974	0.238753199577332	0.403520613908768	0.271274268627167	0.210303440690041	0.203052043914795	0.451756715774536	0.407205790281296	0.217783153057098	0.317276626825333	0.321993857622147	0.473103582859039	0.480190843343735	0.409516155719757	0.280434221029282	0.599527418613434	0.504216253757477	0.331901043653488	0.188384398818016	0.600360333919525	0.182546108961105	0.518032014369965	1	0.183680847287178	0.417227536439896	0.443380802869797	0.433998495340347	0.54649293422699	0.409225463867188
0.23255942761898	0.375128835439682	0.301792651414871	0.388691186904907	0.347028195858002	0.426818281412125	0.192665219306946	0.232549324631691	0.273549437522888	0.261427611112595	0.220481276512146	0.296921640634537	0.186139926314354	0.402683138847351	1.07956326007843	0.420794069766998	0.168534427881241	0.228761851787567	0.286581605672836	0.266507297754288	0.331623494625092	0.237070858478546	0.233319118618965	0.30517515540123	0.283936381340027	0.400811374187469	0.348029851913452	0.429790943861008	0.353741824626923	0.471560567617416	0.308900624513626	0.322550147771835	0.508234858512878	0.337282836437225	0.241310939192772	0.410456657409668	0.303938210010529	0.219264298677444	0.298532128334045	0.18389904499054	0.251210778951645	0.0626160129904747	0.311067968606949	0.389889359474182	0.378112763166428	0.317160457372665	0.451109051704407	0.180450737476349	0.274388283491135	0.182269364595413	0.19355446100235	0.207487538456917	0.316379576921463	0.284322738647461	0.362384229898453	0.338699221611023	0.427278459072113	0.252627104520798	0.346005707979202	0.493235856294632	0.121548056602478	0.378130912780762	0.352957516908646	0.268527746200562	0.393579125404358	0.451646655797958	0.286040663719177	0.217514336109161	0.640709578990936	0.442455470561981	0.39079275727272	0.367494165897369	0.246257945895195	0.386614918708801	0.176102578639984	0.489967852830887	0.567374765872955	0.262112259864807	0.445211410522461	0.49430125951767
0.297349274158478	0.291070967912674	0.300656795501709	0.350484281778336	0.348554879426956	0.240539774298668	0.270217299461365	0.227528870105743	0.3115254342556	0.289400964975357	0.323971420526505	0.201060950756073	0.318113654851913	0.233194500207901	0.420794069766998	1.01363098621368	0.38880729675293	0.179411336779594	0.339165359735489	0.199344679713249	0.286229997873306	0.17753441631794	0.16436305642128	0.293281614780426	0.303061664104462	0.335464626550674	0.326895624399185	0.37879753112793	0.38763752579689	0.343600451946259	0.290142565965652	0.277488142251968	0.38189771771431	0.213727444410324	0.288472890853882	0.287206947803497	0.261691361665726	0.248246252536774	0.186935782432556	0.495117276906967	0.471911817789078	0.355743944644928	0.262960433959961	0.155969500541687	0.0968595668673515	0.252265423536301	0.346676170825958	0.400712221860886	0.354373246431351	0.319843143224716	0.254521161317825	0.258226305246353	0.254714876413345	0.179374039173126	0.243127405643463	0.640841484069824	0.267554551362991	0.48502990603447	0.232138887047768	0.49661311507225	0.513751626014709	0.337937951087952	0.284163475036621	0.288420379161835	0.211245104670525	0.405046284198761	0.42987322807312	0.516476035118103	0.361081391572952	0.113859392702579	0.244707852602005	0.16741369664669	0.385506451129913	0.257245808839798	0.413521766662598	0.375722736120224	0.33307546377182	0.704219043254852	0.0836351662874222	0.450919985771179
0.324197351932526	0.269250810146332	0.212482050061226	0.303135931491852	0.234798908233643	0.316288083791733	0.279109477996826	0.303199768066406	0.19972363114357	0.272676080465317	0.225876942276955	0.330126494169235	0.209097638726234	0.328450620174408	0.168534427881241	0.38880729675293	1.05287456512451	0.436312049627304	0.181021273136139	0.250424563884735	0.216162756085396	0.328147649765015	0.234616994857788	0.358011484146118	0.283014714717865	0.274813443422318	0.27932596206665	0.302339464426041	0.324470669031143	0.354907512664795	0.233107462525368	0.286619573831558	0.433555096387863	0.196231722831726	0.363750994205475	0.2719367146492	0.160177379846573	0.370377838611603	0.181022092700005	0.1614980250597	0.294147223234177	0.282654315233231	0.252753973007202	0.289983749389648	0.28122478723526	0.364793598651886	0.407675236463547	0.413898676633835	0.283213168382645	0.297331541776657	0.280658364295959	0.190517082810402	0.415004044771194	0.333498269319534	0.236145004630089	0.272559404373169	0.436623781919479	0.318812519311905	0.311896592378616	0.102591082453728	0.511950671672821	0.398924201726913	0.372366487979889	0.347563534975052	0.467835813760757	0.104593843221664	0.476944208145142	0.600156009197235	0.530345261096954	0.29401558637619	0.302966117858887	0.288204789161682	0.309001803398132	0.265711158514023	0.403436928987503	0.38808685541153	0.458760678768158	0.161642923951149	0.494206219911575	0.155252888798714
0.380853325128555	0.293570339679718	0.439695864915848	0.302973061800003	0.21436733007431	0.269887417554855	0.212230086326599	0.183658704161644	0.336002260446548	0.185815617442131	0.205932110548019	0.223679780960083	0.364550918340683	0.289248526096344	0.228761851787567	0.179411336779594	0.436312049627304	0.983773291110992	0.391218781471252	0.169305101037025	0.313127279281616	0.257857531309128	0.265647083520889	0.215458184480667	0.20571830868721	0.261739581823349	0.319783270359039	0.337831526994705	0.349122822284698	0.319026350975037	0.355827361345291	0.304486185312271	0.26590222120285	0.49603682756424	0.234832525253296	0.236399784684181	0.26196762919426	0.195256561040878	0.172700971364975	0.371434777975082	0.320715427398682	0.29290971159935	0.252618193626404	0.245184868574142	0.38328230381012	0.199647530913353	0.303066581487656	0.220692321658134	0.154396921396255	0.35767138004303	0.372947543859482	0.291058987379074	0.576922714710236	0.286784201860428	0.308969169855118	0.32934844493866	0.249932006001472	0.176525935530663	0.255051016807556	0.350761443376541	0.372127681970596	0.511415183544159	0.152249902486801	0.424959361553192	0.51009213924408	0.407526046037674	0.346682131290436	0.57272207736969	0.433685719966888	0.273507297039032	0.297297835350037	0.361586600542068	0.189512863755226	0.281023651361465	0.263925939798355	0.449627041816711	0.375147998332977	0.0629502087831497	0.269422173500061	0.30262354016304
0.235121920704842	0.583027422428131	0.284151941537857	0.309998959302902	0.393871635198593	0.318341106176376	0.438687801361084	0.270634174346924	0.179233461618423	0.31811198592186	0.227023810148239	0.234631910920143	0.197152838110924	0.248528972268105	0.286581605672836	0.339165359735489	0.181021273136139	0.391218781471252	0.994960129261017	0.452615171670914	0.20196233689785	0.302806615829468	0.294669508934021	0.362886250019073	0.233551383018494	0.279530018568039	0.328845947980881	0.262082070112228	0.344376116991043	0.221441507339478	0.213319912552834	0.455554664134979	0.157917559146881	0.324054092168808	0.316154152154922	0.420988619327545	0.241225063800812	0.191337645053864	0.151963889598846	0.295733660459518	0.145018354058266	0.207584798336029	0.137500464916229	0.216237485408783	0.340772300958633	0.374162435531616	0.187830001115799	0.104269616305828	0.26424902677536	0.112658374011517	0.269175499677658	0.160434722900391	0.104842662811279	0.379388213157654	0.201479256153107	0.23105126619339	0.259091168642044	0.661659836769104	0.380768686532974	0.429651826620102	0.619392573833466	0.390319347381592	0.404816150665283	0.340715616941452	0.356703072786331	0.224632576107979	0.273151069879532	0.229592964053154	0.253608137369156	0.201013401150703	0.517831861972809	0.597930788993835	0.200336813926697	0.619612574577332	0.352790862321854	0.440602779388428	0.334825843572617	0.277590423822403	0.212175861001015	0.200171053409576
0.467116236686707	0.212172105908394	0.292212784290314	0.379177391529083	0.339828163385391	0.221624046564102	0.245077669620514	0.471028119325638	0.361375898122787	0.281621992588043	0.350558966398239	0.234811350703239	0.323615193367004	0.320927798748016	0.266507297754288	0.199344679713249	0.250424563884735	0.169305101037025	0.452615171670914	1.00810825824738	0.422372281551361	0.230086177587509	0.318023890256882	0.220420926809311	0.241269677877426	0.187061250209808	0.244713470339775	0.219564527273178	0.225341200828552	0.269170463085175	0.263714373111725	0.333122909069061	0.45974788069725	0.357355505228043	0.205657348036766	0.312382370233536	0.204269632697105	0.258366316556931	0.354853570461273	0.233199253678322	0.290258526802063	0.238043010234833	0.389882624149323	0.0979414880275726	0.314799666404724	0.245963484048843	0.313289433717728	0.293318450450897	0.290896266698837	0.341316759586334	0.179587572813034	0.273302853107452	0.384717106819153	0.118221186101437	0.443593353033066	0.343892574310303	0.333371996879578	0.183134987950325	0.304847925901413	0.122279815375805	0.572184205055237	0.362932085990906	0.243075460195541	0.411194711923599	0.312353909015656	0.256677716970444	0.410039991140366	0.38316997885704	0.609125018119812	0.480186820030212	0.155468374490738	0.519990384578705	0.400980055332184	0.371626764535904	0.635509252548218	0.320788264274597	0.446775913238525	0.590384423732758	0.495455652475357	0.508810520172119
0.311046004295349	0.196329608559608	0.466181963682175	0.250607967376709	0.218346834182739	0.366204500198364	0.326387405395508	0.248044908046722	0.354782402515411	0.363279521465302	0.200801879167557	0.297146946191788	0.316898137331009	0.18985977768898	0.331623494625092	0.286229997873306	0.216162756085396	0.313127279281616	0.20196233689785	0.422372281551361	1.03710627555847	0.383027702569962	0.196964785456657	0.244625225663185	0.231782659888268	0.247525870800018	0.186663776636124	0.333449721336365	0.233984187245369	0.199151962995529	0.35971474647522	0.286221623420715	0.314191699028015	0.31727722287178	0.325019598007202	0.34668493270874	0.13213324546814	0.26284259557724	0.202428534626961	0.16469518840313	0.27854397892952	0.240165799856186	0.429520159959793	0.217392772436142	0.23717974126339	0.204729452729225	0.323549181222916	0.253188133239746	0.164996013045311	0.233105555176735	0.247538149356842	0.303314119577408	0.256942838430405	0.229605227708817	0.459869027137756	0.346959292888641	0.427972137928009	0.406489878892899	0.278370440006256	0.180943071842194	0.551798582077026	0.268523663282394	0.250647157430649	0.365078210830688	0.382208853960037	0.522249460220337	0.144329637289047	0.425245702266693	0.536829590797424	0.373041093349457	0.439311325550079	0.26231375336647	0.492174297571182	0.412434875965118	0.450872510671616	0.47468513250351	0.360725939273834	0.291206300258636	0.445166260004044	0.211756020784378
0.494323253631592	0.217910677194595	0.250096827745438	0.185436978936195	0.336759954690933	0.329037994146347	0.251133918762207	0.340089648962021	0.267609238624573	0.350619286298752	0.242860957980156	0.3141048848629	0.140054896473885	0.260313123464584	0.237070858478546	0.17753441631794	0.328147649765015	0.257857531309128	0.302806615829468	0.230086177587509	0.383027702569962	1.01304042339325	0.417357206344604	0.182685568928719	0.270453691482544	0.169953659176826	0.215469628572464	0.329123914241791	0.24603570997715	0.3006931245327	0.279478907585144	0.227765530347824	0.332877188920975	0.256276518106461	0.240497723221779	0.239442318677902	0.419021934270859	0.242912739515305	0.337020009756088	0.281883090734482	0.332943975925446	0.223404258489609	0.105940923094749	0.197935447096825	0.321751415729523	0.182832837104797	0.251380205154419	0.261506319046021	0.366265624761581	0.363634407520294	0.343435257673264	0.487808734178543	0.244445726275444	0.206570833921432	0.371213883161545	0.21583566069603	0.345466166734695	0.555103003978729	0.353108167648315	0.377700954675674	0.27838808298111	0.282527089118958	0.417298465967178	0.517671942710876	0.265138924121857	0.508383512496948	0.320389479398727	0.0641559213399887	0.297919660806656	0.281828075647354	0.487601578235626	0.166793152689934	0.858432769775391	0.347167462110519	0.583839178085327	0.252605646848679	0.40037789940834	0.470286697149277	0.247050076723099	0.221995577216148
0.392849028110504	0.316031277179718	0.303981572389603	0.313208311796188	0.31485903263092	0.296366810798645	0.213456034660339	0.257644087076187	0.339564621448517	0.164698705077171	0.287617802619934	0.273077756166458	0.261893063783646	0.221513211727142	0.233319118618965	0.16436305642128	0.234616994857788	0.265647083520889	0.294669508934021	0.318023890256882	0.196964785456657	0.417357206344604	1.06840014457703	0.384310692548752	0.192166984081268	0.282490432262421	0.253152042627335	0.350163698196411	0.264914929866791	0.324389755725861	0.218744710087776	0.234248280525208	0.280515730381012	0.294904351234436	0.302100777626038	0.24252624809742	0.241752758622169	0.113557547330856	0.192404270172119	0.087850347161293	0.140006765723228	0.185666963458061	0.207532942295074	0.10575021058321	0.205112054944038	0.256413668394089	0.182353317737579	0.279427945613861	0.318667680025101	0.339985728263855	0.240690484642982	0.358352065086365	0.283854424953461	0.193136662244797	0.410271346569061	0.369964778423309	0.264003694057465	0.239539548754692	0.429629415273666	0.353137463331223	0.391606330871582	0.396229773759842	0.328756839036942	0.308003515005112	0.368521213531494	0.142596364021301	0.577986121177673	0.479868769645691	0.318037509918213	0.0526999235153198	0.488738119602203	0.467837691307068	0.417997568845749	0.486884593963623	0.147850185632706	0.413310885429382	0.717910885810852	0.219850987195969	0.298742741346359	0.207558274269104
0.359856635332108	0.394343465566635	0.448063403367996	0.42990306019783	0.283897757530212	0.400623381137848	0.359141379594803	0.222898349165916	0.345306813716888	0.385903716087341	0.150785282254219	0.276856243610382	0.283926367759705	0.179662555456161	0.30517515540123	0.293281614780426	0.358011484146118	0.215458184480667	0.362886250019073	0.220420926809311	0.244625225663185	0.182685568928719	0.384310692548752	0.963673055171967	0.525739192962646	0.195345014333725	0.254423022270203	0.201717793941498	0.314032524824142	0.279689103364944	0.22810772061348	0.33255410194397	0.537769019603729	0.282954007387161	0.233356803655624	0.243949368596077	0.238095000386238	0.259815394878387	0.214573130011559	0.16315333545208	0.291999042034149	0.152390271425247	0.261836677789688	0.139772668480873	0.311925172805786	0.162478372454643	0.320452511310577	0.282074719667435	0.366153866052628	0.277988523244858	0.244020834565163	0.272330462932587	0.402894765138626	0.34046944975853	0.366034358739853	0.257968634366989	0.275303959846497	0.332718789577484	0.538527846336365	0.54215008020401	0.238214910030365	0.268618494272232	0.466628015041351	0.507448196411133	0.373620271682739	0.42983290553093	0.42972120642662	0.375486075878143	0.515900850296021	0.325356930494308	0.440444946289062	0.441942900419235	0.339024990797043	0.125682815909386	0.299791842699051	0.408582895994186	0.242614775896072	0.45596319437027	0.302876323461533	0.272160202264786
0.410905957221985	0.456282168626785	0.302324324846268	0.407347172498703	0.231551095843315	0.386501014232635	0.259003698825836	0.243149444460869	0.225309759378433	0.211480483412743	0.250437408685684	0.352950155735016	0.197341680526733	0.23844949901104	0.283936381340027	0.303061664104462	0.283014714717865	0.20571830868721	0.233551383018494	0.241269677877426	0.231782659888268	0.270453691482544	0.192166984081268	0.525739192962646	1.01841008663177	0.5246901512146	0.165917322039604	0.300131529569626	0.201066792011261	0.287429243326187	0.269196182489395	0.33845528960228	0.217480793595314	0.29372176527977	0.263636350631714	0.232130065560341	0.100268885493279	0.111252315342426	0.176717281341553	0.204928115010262	0.135727047920227	0.193342655897141	0.192100092768669	0.159600853919983	0.309560209512711	0.148422077298164	0.263882726430893	0.35137078166008	0.200356677174568	0.244172319769859	0.207432091236115	0.141346961259842	0.307896584272385	0.166615083813667	0.10617983341217	0.294564098119736	0.363343000411987	0.207228183746338	0.236521676182747	0.270838558673859	0.128718107938766	0.460087180137634	0.286305099725723	0.077257975935936	0.404415875673294	0.0818015187978745	0.497349321842194	0.428752601146698	0.520959615707397	0.139317035675049	0.239263653755188	0.275256544351578	0.122966341674328	0.430536597967148	0.392217725515366	0.466544538736343	0.315146386623383	0.520646214485168	0.46428108215332	0.807999193668365
0.409112691879272	0.435402780771255	0.331388801336288	0.503032684326172	0.332190781831741	0.252346992492676	0.32055190205574	0.29831525683403	0.176053434610367	0.421952158212662	0.321921199560165	0.269439399242401	0.285330563783646	0.24175925552845	0.400811374187469	0.335464626550674	0.274813443422318	0.261739581823349	0.279530018568039	0.187061250209808	0.247525870800018	0.169953659176826	0.282490432262421	0.195345014333725	0.5246901512146	0.965188801288605	0.452357113361359	0.219916820526123	0.332567781209946	0.330089092254639	0.234859734773636	0.251215755939484	0.311293393373489	0.211168527603149	0.295324146747589	0.317622989416122	0.218698516488075	0.190173789858818	0.262314468622208	0.23507085442543	0.22665336728096	0.321065425872803	0.146647706627846	0.234848782420158	0.316494464874268	0.329716920852661	0.201446011662483	0.235755756497383	0.276161015033722	0.210905462503433	0.272167563438416	0.225924223661423	0.205665111541748	0.29794105887413	0.0675473809242249	0.15709687769413	0.283677160739899	0.374005347490311	0.322426408529282	0.275905847549438	0.16377067565918	0.242383152246475	0.341504842042923	0.485268980264664	0.231545940041542	0.147990524768829	0.316393822431564	0.1900674700737	0.406735092401505	0.384765952825546	0.228315010666847	0.24991799890995	0.528027474880219	0.391499012708664	0.499026566743851	0.425073504447937	0.501208901405334	0.529851198196411	0.126581639051437	0.341233193874359
0.382563948631287	0.378778249025345	0.287749290466309	0.410515397787094	0.310633778572083	0.292389720678329	0.385393112897873	0.241201490163803	0.32925745844841	0.337143212556839	0.332718074321747	0.321539103984833	0.252771615982056	0.237553492188454	0.348029851913452	0.326895624399185	0.27932596206665	0.319783270359039	0.328845947980881	0.244713470339775	0.186663776636124	0.215469628572464	0.253152042627335	0.254423022270203	0.165917322039604	0.452357113361359	1.04407358169556	0.347570151090622	0.189123749732971	0.293488055467606	0.190107583999634	0.328878879547119	0.182853028178215	0.241346210241318	0.299679607152939	0.213848158717155	0.263919979333878	0.192652136087418	0.266782969236374	0.219816327095032	0.213528662919998	0.268627196550369	0.172700509428978	0.292811512947083	0.248471260070801	0.231240376830101	0.263121366500854	0.171466380357742	0.279350280761719	0.177497178316116	0.31414470076561	0.211263239383698	0.153398498892784	0.325041085481644	0.207140982151031	0.440706938505173	0.274550139904022	0.204012006521225	0.342148184776306	0.38700208067894	0.464923322200775	0.453308165073395	0.241788551211357	0.356540024280548	0.339336395263672	0.27677384018898	0.420692950487137	0.533200025558472	0.392648100852966	0.55968451499939	0.329555839300156	0.389499962329865	0.365405648946762	0.0610155463218689	0.333510011434555	0.353323578834534	0.223750039935112	0.38536348938942	0.44884118437767	0.265907853841782
